4.037785193594087274e-01 -4.079769436458478005e-01 2.703889548072647281e-02 -1.519903605007414359e-02 -2.556227961281792305e-01 -1.554627040542021015e-04 -2.341541279605026046e-02 -1.972120546141314656e-01 -1.621758656933826037e-01 -7.055629078221065109e-02 -1.072038990256413277e-01 -3.728663772012929534e-01 -6.871221902931411163e-02 1.504667636595787006e-01 -4.969542130370884214e-01 -3.296139794058786654e-01
3.512116572573675821e-01 -3.136569153298212620e-01 -3.187366314116443083e-02 7.208422484164192512e-02 -3.582486618755330032e-01 -7.500097218104830911e-03 1.383706477340276852e-01 -1.416397555184770729e-01 3.377378808519485714e-02 1.291097676147742734e-01 8.166227620290923694e-02 -4.558901517607326093e-01 -2.042385872317568352e-01 3.654061862442864461e-01 -3.968860811968845659e-01 -1.984510824299827447e-01
3.804216874209577215e-01 -1.730075193374243925e-01 -5.592790593335739135e-02 2.118164081877870752e-01 -1.955163010476310415e-01 -8.916309711577857788e-02 3.850840651779999235e-02 -5.188731651036872922e-02 9.145637802614582298e-03 7.268689832242827831e-02 -5.760811692156546371e-02 -5.028198037065336745e-01 -8.882969274291810380e-02 1.881686977786678205e-01 -5.819036281508159769e-01 -2.890990489402233132e-01
5.374072634012022620e-01 -2.555743379127231596e-01 1.817810733336159001e-01 -1.447968668718274954e-01 -1.850115629455035271e-01 2.494040120160687379e-01 -3.411491336415764519e-02 1.720166041979800942e-02 6.526761626023488971e-02 2.260288491269313582e-01 1.865432313348545576e-02 -3.448187867087753045e-01 -1.508440084273283410e-01 3.221176260527900542e-02 -4.700631308169495592e-01 -2.731768555474258231e-01
5.235595632476243155e-01 -2.284690908277541843e-01 1.503225104288392899e-01 5.751727867115669773e-02 -1.751998048817383635e-01 -1.805992943369611470e-01 7.010284186822356156e-02 -1.487612573325958476e-01 -4.533184404959390845e-02 2.253534793861425300e-01 6.758930440046358179e-02 -4.914710501116728580e-01 -9.796170313229204951e-02 6.286261098536946590e-02 -3.894249034035099366e-01 -3.054104360680107155e-01
5.206030153666528770e-01 -3.650411056685288758e-01 -1.122376256305269472e-02 -2.022776390488290610e-01 -1.907920981061947685e-01 -1.101884735289493517e-01 8.678222035193770834e-02 -3.361943256948761172e-01 -1.289870648755432059e-01 1.129576871026243129e-01 -4.165556989651902214e-02 -3.841080848354653243e-01 -4.158801299213678998e-02 1.328871604479687218e-01 -2.999971535074233420e-01 -3.122758572030315816e-01
4.618733830583826583e-01 -3.226554259780540224e-01 1.557723812722384138e-01 -8.740541773857929408e-02 -1.327080969824543932e-01 -2.865851405163227176e-03 -1.421594211838061450e-01 -2.843408868827530522e-01 -2.819147774260219105e-02 -5.063823498889779423e-02 -8.851904372509891705e-02 -3.102451373295319614e-01 -1.546298818584855017e-01 4.023439532395567952e-01 -4.874079809236507854e-01 -3.433315685277715107e-02
4.865867975878986340e-01 -4.159498282198653696e-01 2.159922224183205910e-02 -6.056177818583194372e-02 -1.875846950662380178e-02 -5.544712114522729746e-02 1.376144927266843287e-01 -4.268102125227881544e-02 8.407652498208538494e-02 -4.957297487574206796e-02 3.110668419974095544e-02 -2.545985911731165618e-01 -2.760759788890034261e-01 1.667239545691637514e-01 -5.878112887629239891e-01 -1.924779134583695372e-01
6.580609674392248198e-01 -2.154951798394585949e-01 -2.567690168322366018e-02 -1.086734928982590886e-01 -2.276837360969259372e-01 3.121390245727570165e-02 1.047290356473435657e-01 -2.722681725487979820e-01 8.715208975496172017e-02 1.806981153589088118e-01 -1.238280468198793777e-03 -3.291002910670363102e-01 -7.115893019179777429e-03 2.723788617430437098e-01 -2.896977875730050722e-01 -2.518223982003318095e-01
4.919519289080295787e-01 -1.734530543777492717e-01 2.395642882615054148e-01 -3.502025006732966544e-02 -2.297176831231522720e-01 -2.782756747753390228e-02 1.478510690238425684e-01 -1.293887101352574898e-01 -2.291463135119900241e-01 1.181428795774036450e-01 7.478948322441889007e-02 -2.682914877764132622e-01 -8.649684987962406868e-02 3.472246398600933176e-02 -6.047308848854598962e-01 -2.422964035816293771e-01
4.075391342616661028e-01 -3.474496756904343342e-01 1.633631769951279511e-01 -1.068091824888081076e-01 -3.380261082138151796e-01 -1.074760315506838315e-01 2.074890879345108741e-01 -1.244165980610327793e-01 5.677817715939809107e-02 1.427423118594628171e-01 -8.555265319925213496e-02 -2.574713641623688209e-01 -1.365728989011715799e-01 2.973595216381417772e-01 -3.779129635312017399e-01 -3.790091694290482760e-01
3.662650410231411691e-01 -2.717105325441458441e-01 8.077027561172093681e-03 -1.616032852534868003e-01 -2.285192049287729232e-01 2.415915986546997851e-01 -7.305775991666579872e-02 -8.549809568837030138e-02 -1.041721283983896573e-01 1.557775003499838884e-01 -1.859218681563515330e-01 -4.351027674284328461e-01 -4.999850147033232245e-02 2.047341862151594305e-01 -4.829567856269357806e-01 -3.254912328577002079e-01
5.136298298323879186e-01 -2.981971949011875678e-01 -4.302156245015961028e-02 -2.986157515686473367e-04 -1.620996320256610779e-01 1.218280023743940066e-01 -9.577810029440271544e-02 -2.699287356939715221e-01 -6.265475153785558804e-02 8.861767879297151318e-02 8.655799107862308106e-02 -3.954609680724107679e-01 -2.253379230622230833e-01 2.408347671848539706e-01 -3.872053954545300325e-01 -2.964651922912980297e-01
5.291690989287427538e-01 -3.316776938017566012e-01 -6.324118552598877174e-02 2.764530225774971747e-02 -2.482698861589801020e-01 6.345698736289967501e-02 2.108602869974093019e-01 -2.442038573856791239e-01 -8.990926525318329587e-02 2.740784800649653796e-01 -1.170142750753006416e-01 -4.002415441813323982e-01 3.374086109355042135e-02 1.546602574480364090e-01 -2.670416477492421614e-01 -2.863322294632417719e-01
6.305505036427393462e-01 -2.667822048061615492e-01 3.168838020322366222e-02 -1.661472720963812766e-01 -9.939779735508418035e-02 1.273638472166145966e-02 -1.570863838875844951e-02 -1.805384567892767689e-01 -4.689202737399002924e-03 -1.128837816054404641e-01 -9.336156030026912522e-02 -4.410377996929470967e-01 -1.512247306757106557e-01 2.349726280755526087e-01 -3.602348039323656215e-01 -1.894613079933688826e-01
6.067060804044982492e-01 -2.713328332665169151e-01 1.195027329069429378e-01 -1.923393271566321006e-01 -1.288897838245835759e-01 2.874639831867776829e-01 9.865885685698314034e-02 2.907440335184824365e-02 1.789402357226380913e-01 -6.584630125957814661e-02 1.164427093340976160e-01 -3.498766575358722708e-01 9.161603759919844867e-03 2.033520345024489029e-01 -3.918145449855900408e-01 -1.729200702647002708e-01
4.989699869334918159e-01 -3.713000617016791183e-01 7.448508841901384930e-03 -3.130373293119845940e-02 -2.423846801002772222e-01 1.075507507236519444e-01 3.109555044744703733e-02 -6.317158911744273631e-02 -1.982180890524400108e-01 -3.941837912575962138e-02 7.181039033291529428e-02 -4.865945987482023227e-01 -2.110079889159415523e-01 1.065998523054499797e-01 -4.110225337227061959e-01 -1.710323186588343369e-01
3.763228722041261909e-01 -3.807575359832643946e-01 3.355531884177737761e-02 -3.712813148323964446e-02 -3.119445166276024195e-01 -3.580897729693664766e-02 1.860648789471761877e-01 3.405155825383765489e-02 6.262818261009958642e-02 3.944756189068112512e-02 -8.677411799066844789e-02 -2.797840546913029081e-01 8.163582105828845470e-02 2.563776738371146280e-01 -5.561340530533105397e-01 -3.218116792093418943e-01
4.903651191138947429e-01 -3.657165421344843459e-01 2.902649230420898396e-01 -1.427307069205341339e-01 -1.389921304807156810e-01 5.619869860854682236e-02 2.303878336100753654e-01 1.450978734381820068e-01 -2.099559569295274611e-02 -2.908540666247882989e-02 9.441354028700756074e-02 -3.320519580650727609e-01 -2.336352542111984343e-01 1.669031401968423256e-01 -4.539204663740644130e-01 -1.249542009358303452e-01
3.379766055266113511e-01 -2.720598149984997938e-01 5.760229268866283794e-03 9.609235088162253191e-02 -8.875799118841151691e-02 -2.322320874137857594e-01 5.670358603544158743e-02 -8.468480413013709796e-02 7.241370618000287675e-03 2.006261384651676465e-03 2.196732636411342920e-01 -3.731760093781258947e-01 -7.216275211476157192e-02 2.510554178902408284e-01 -5.433021698462631166e-01 -4.234443791391274692e-01
3.966239210119775760e-01 -2.567998028117643439e-01 -2.505633060147944777e-02 -6.370422345980547574e-02 -1.698908179176467914e-01 -8.288095913722011779e-03 2.490226494892579800e-01 -2.174688910988794299e-01 -7.560188989140519122e-02 8.798642379312104911e-02 2.107178157509430882e-01 -4.017341222409245294e-01 -1.860916930185519957e-01 2.811260729201350284e-01 -4.140498483420760323e-01 -3.598220036259239807e-01
4.307093359226675244e-01 -1.098524846484894291e-01 -2.365275936214001479e-02 6.875892438279149199e-02 -2.004306420195653970e-01 -1.322838753458323025e-01 1.996590172299844146e-01 -2.286364504960479160e-01 -1.581165846505256517e-02 -1.282751592322053935e-01 1.348002222915312687e-01 -4.120594675064906953e-01 -1.318957774597827592e-01 3.188167843022374770e-01 -4.940509699226179330e-01 -2.820092420600132099e-01
5.424758409972547657e-01 -3.713113255003455127e-01 -1.573913263374608906e-01 1.844421485674043182e-01 -1.282130423574603661e-01 -6.896406755316894510e-02 1.860862848783840784e-01 -1.449549523424897290e-01 5.253904933572047138e-03 6.463027460324581586e-02 -6.530564723104950904e-03 -3.668315187580195036e-01 -1.630231809878446847e-01 2.164658208467257552e-02 -4.543149384333021734e-01 -2.448721555451466025e-01
4.292213829754696897e-01 -3.667367762946353027e-01 2.414699092394723967e-01 -2.140446809773441650e-01 -1.295165653707423259e-01 -5.345735830154692281e-02 1.688472568440412547e-01 -1.248851221603377998e-01 2.238476190999560966e-02 2.192008281246079007e-02 2.535251603719104740e-02 -2.560970967524465736e-01 -3.713864557127556643e-02 2.416596686594444654e-01 -5.260378110854730949e-01 -3.312218067553530099e-01
4.622246142079198816e-01 -2.869439771687051777e-01 -8.824982002009551518e-02 3.677954839166368284e-02 6.378029272567549424e-02 -2.544351279507737762e-01 -4.591742698817659341e-04 -1.671804818890534616e-01 -1.240291221277604466e-01 -1.468216889899414401e-01 -1.794483896989571003e-02 -3.963982137942184125e-01 -2.079561481970033376e-01 2.399529544720912788e-01 -5.075754828669796215e-01 -2.127596443249851199e-01
5.452942507366975722e-01 -2.780223673499775949e-01 -7.834640836004201636e-02 6.044570065995342328e-02 -2.435768067796439118e-01 6.713961609649989060e-02 1.136019149545785534e-01 -3.477502573715572642e-02 -4.823294189001493121e-02 -6.744320977368488401e-02 1.312332566564622105e-01 -3.066635116923128734e-01 -2.280944189580419793e-02 2.881745315902758953e-01 -5.103547269115311646e-01 -2.746768205120783124e-01
3.582829276503524119e-01 -1.319257764317289527e-01 -1.360670538485849457e-01 1.005131249915704322e-01 -1.844886736163205421e-01 1.140290396331389150e-01 1.871135758078092126e-01 -3.629135592319105430e-01 1.358974149704433344e-02 -8.739408532369411300e-03 2.188667020573840383e-01 -4.943065319334836727e-01 -3.559346766196816447e-01 3.663981144898474651e-02 -3.312002539763305164e-01 -2.857046558526017410e-01
5.439573693015518074e-01 -3.365100027241530456e-01 2.000366541129505182e-01 -1.397346214876017678e-01 -1.958399324859379509e-01 -3.065459418518909698e-02 1.467689687922151542e-01 -1.690476237371266177e-01 -9.935324117625128626e-02 1.738741148359062780e-02 2.399412705564120396e-02 -3.109110184948777889e-01 -2.587105695854510223e-01 8.783313934090930530e-02 -3.677210832838710419e-01 -3.530444391117090186e-01
2.691949628871810329e-01 -3.123190623781548214e-01 2.065501760135933229e-01 -1.120886992717674419e-01 -1.671418650117930949e-01 7.499205181977607049e-02 2.473100068521590089e-02 -5.911594665929142955e-02 -7.838903479717042322e-02 1.254528485712484154e-01 2.249991828868513066e-01 -3.293467447391300040e-01 -3.172402139264057785e-01 3.220042154591002959e-01 -4.227977577298246414e-01 -4.159739348657371383e-01
3.370339603743140455e-01 -4.186111717959794531e-01 1.032874681495603297e-01 -1.118936973195266832e-01 -1.921942664876112594e-01 1.103656246425209070e-01 2.951950813777111382e-02 -2.408298543082817711e-01 -7.297833251020362233e-02 -4.000851074668486385e-02 2.739677503449536866e-01 -4.643432567004221467e-01 -6.885867561798526826e-02 2.514423482597640813e-01 -4.442509420930554342e-01 -1.306579162850538267e-01
1.340077785599070315e-01 -2.025327710429883354e-01 1.975707691617609729e-01 -1.588253607957142155e-01 -2.890128436383063715e-01 -2.038999957452075074e-01 -8.290365050291947924e-02 -1.068811656421460587e-01 -1.395661827510761288e-01 9.833892002762800733e-02 5.503273958155017326e-02 -4.804447537463154005e-01 -2.879905910997991314e-01 2.528342818779277801e-01 -4.088190542638787117e-01 -3.954246537830338748e-01
3.725990947374682172e-01 -4.090730037521838613e-01 -1.079356677930901239e-02 -3.860893006235835423e-02 -2.052502876169711166e-01 1.742547265524124755e-01 -4.498274313191622659e-02 -6.297552710097779893e-02 3.934783569842454504e-02 8.667679769564518022e-02 5.112827364997952345e-02 -4.722783289859590616e-01 -3.061231436210579138e-01 3.279442685822379078e-01 -3.990804453623892911e-01 -1.359934671057488609e-01
4.890316511634423269e-01 -3.069654731317811858e-01 3.924548079514501159e-02 1.018586039903916496e-01 -2.322307103277113441e-03 1.038244533747041259e-01 1.420376859621960697e-01 -1.092061809599951527e-01 8.469494449033437844e-02 2.448866830265822025e-01 -8.146285174875624036e-02 -1.055171351821278664e-01 1.013730703489896037e-02 3.095442969827346125e-01 -5.514461914066792758e-01 -3.562206241782914229e-01
4.468388770896669637e-01 -2.277421852306094896e-01 -1.478240334271193890e-01 -3.755768690057274123e-02 -1.703365543353245470e-01 1.049043450575566638e-01 1.344390720536490780e-01 -2.094633083007268470e-01 4.294650188417455106e-02 -4.571200810157536633e-03 1.060353383461397209e-01 -4.342247213872831857e-01 -2.824315114636892776e-01 1.873116705008687766e-01 -4.511363123165483269e-01 -3.212486465386098500e-01
3.847837386584981867e-01 -3.616108119742367233e-01 1.023655148042171975e-01 4.259847854231520875e-02 -1.365948090967695761e-01 7.643547584249635318e-02 -2.899796170904931757e-03 -2.202242246066649645e-01 7.109947190901205749e-02 -9.114912180311673939e-02 -1.619261323311386724e-01 -3.080725657848737420e-01 -1.360408002354120127e-01 -1.659198202431526326e-02 -5.504611793298064271e-01 -4.237878547028140486e-01
4.734829693833307873e-01 2.135599335662709264e-02 -6.312060316825654667e-04 7.653887256089026564e-03 -2.727044924574657525e-01 1.679233291995438360e-02 -1.575575127532699918e-02 -1.225667351730721638e-01 -1.720410223881263245e-01 3.229906717271890937e-02 1.566536623576425535e-02 -4.097613476120960385e-01 -1.934268334517500604e-02 3.253124882725764166e-01 -3.925859748399416205e-01 -4.756690414910584863e-01
4.903617219185087417e-01 -2.829103257714534192e-01 -2.959159366064190722e-01 1.298439184504950605e-01 -1.561047978390697755e-01 1.447627883069692867e-01 1.835728269935642254e-01 -3.005425351762010533e-01 -1.684584748156707223e-01 1.798527223107951323e-02 2.855868499200587066e-02 -2.626728221253002982e-01 -1.485498968738902803e-01 3.768077247580940425e-01 -3.692144459994101124e-01 -8.274596875971189369e-02
4.352042554910783845e-01 -3.256020352637951643e-01 -2.958130841366586258e-02 -6.843470940121602029e-03 -2.626652316547314348e-01 8.009010065081124952e-02 1.546467291415709877e-01 -1.936901485047533567e-01 -9.743835713865141301e-02 1.058495819167043356e-01 -2.057483013188539933e-01 -4.216315892351807371e-01 -4.081016747558698088e-02 2.584526309289842394e-01 -4.153648779304491834e-01 -2.915897960080431339e-01
3.799853686622697846e-01 -3.519800488943858885e-01 7.311500782981629476e-02 -1.391834362071440456e-01 -3.010295912529908913e-01 7.518709884608042182e-02 2.065676184952451588e-01 -6.688368639470126942e-02 1.070295701496332824e-02 -1.400714488897431276e-01 2.350406626687462641e-01 -4.858715996462409925e-01 5.376807502187877508e-02 2.332399636470877669e-01 -3.952080020454729059e-01 -1.976276002769428997e-01
2.944178700003444171e-01 -5.596125138446286229e-01 1.342334029312001187e-01 -1.570814825540302329e-01 -8.533902180149929850e-02 -1.449317543072682277e-02 -1.310406763476426317e-01 -7.353026655528335787e-02 -1.320777769690843484e-01 1.133820845256964110e-01 -1.658560621916284616e-01 -2.314438145074907971e-01 -4.897426503432469880e-02 3.349775145451117098e-01 -3.688761866065051187e-01 -4.066141045067715454e-01
5.575758653546034616e-01 -2.534023585298077474e-01 2.405808427220045009e-02 2.493192095394473895e-02 3.608574249225291602e-02 -3.367677222422135047e-02 1.018377137207343436e-01 -2.416606866954251753e-01 8.822790177967327133e-03 7.899403838805311995e-02 1.237427105007408157e-01 -3.855982602432370676e-01 -3.442911942685544097e-02 2.971061291464800469e-01 -4.141388990535095349e-01 -3.481440411000000235e-01
3.364438345452282486e-01 -2.991945540759604061e-01 -1.027415249341754738e-01 1.580368470453333007e-01 -2.645177617260010550e-01 4.246064712803656292e-03 -5.878432649240436514e-02 -6.745737131233519625e-03 -9.743581558089669387e-03 3.433035912171956971e-02 9.758197558019537921e-02 -4.982982009477130436e-01 -4.508104192246474573e-02 1.757385431115395316e-02 -5.803851910279319570e-01 -2.999716004352943610e-01
4.739868049345611345e-01 -3.780878939662254412e-01 1.179778769283091056e-01 -7.393666620453784311e-02 -1.947475696557880998e-01 -2.597928178867559557e-01 7.597182416680221817e-02 -1.019605660491306465e-01 -1.278336648375704709e-01 -5.407861648253702025e-02 -1.119177055469525034e-01 -2.845782601513409116e-01 -1.119972881292888439e-01 1.355547414011659957e-01 -5.280254891509429394e-01 -2.625039898203789801e-01
5.508286026092056309e-01 -1.650382841231871622e-01 1.230356635867305287e-01 6.479985390955343705e-02 -2.090911615749832531e-01 2.025213543344346334e-01 9.044358700838851794e-02 -3.229804105679582871e-01 -3.265705638277564132e-02 2.962967280007577919e-02 7.367274075899060692e-02 -3.630487558021764927e-01 -2.561437467262407397e-01 -7.755352938987369708e-03 -3.279072944502486320e-01 -3.747180112916818628e-01
4.593970392305680717e-01 -1.403622897058879881e-01 1.600306923523318048e-01 8.983857194045721806e-02 -2.747205507593100116e-01 -2.933437482379681665e-04 -4.801128793357465480e-02 -1.747705709889079417e-01 1.151388264005234335e-01 6.568599747840882241e-02 -1.530009328486573415e-02 -5.654852634404533562e-01 4.921775052478026546e-02 3.322226886875421226e-01 -2.899596126502978488e-01 -3.046318084384494473e-01
4.261260526336560495e-01 -1.769626213015186855e-01 2.142145297383585625e-02 2.585104201671744456e-02 -2.912178930173591196e-01 1.309781167888469100e-01 1.101000448971334589e-01 -2.759495489473420826e-01 -1.740442955939343339e-01 5.307205120942869170e-02 -3.453546139020351700e-03 -4.339803519745212279e-01 7.398074189812133168e-03 2.692363140743631589e-01 -4.027949634199678441e-01 -3.734899221701830085e-01
4.808729869599631668e-01 -2.573304177223081912e-01 1.842221524796437138e-01 -3.126833515250353468e-01 3.122146232771743496e-02 1.345518706648464180e-01 -3.462104544239708731e-02 -2.239028596170821728e-01 9.312792737071999560e-02 -3.051262689177746540e-02 -7.954674345770684774e-02 -2.549032561001441932e-01 -1.106826222637030954e-01 1.900904405699810340e-01 -5.372656677719281904e-01 -2.871878339089623533e-01
-7.119872862150752879e-02 6.212826374244716510e-01 2.028785536559259486e-02 -7.141973193590661628e-02 -8.889865515308051358e-02 -4.141702714647428896e-01 2.580569999850532703e-01 7.514669598257124605e-02 -3.312667253528173705e-01 -9.709363764566594779e-02 -1.625322341393757863e-01 -2.372159850186709718e-01 6.389238998914807677e-02 2.530682310310017891e-01 2.077361115934691638e-01 -1.965013915605468009e-01
5.578986200646739169e-02 2.100443555613889235e-01 1.987732095308181735e-01 -5.195497669891914472e-02 9.933492667503932005e-02 -1.074399915634426939e-01 1.944148253950736260e-01 1.495297300138130614e-01 -9.739289495959674303e-02 -1.689742816549135163e-01 -5.485638003950668029e-01 -1.967380759453617178e-01 2.119745834248055738e-01 4.968009077719144906e-01 1.584482182791275562e-01 -3.667092939783892502e-01
9.337789717750107077e-02 3.144754688714373470e-01 1.899466182572944004e-03 2.454028124612704920e-01 -2.503218687062716552e-01 -1.114177961968950276e-01 2.458217590674744157e-01 2.407829288248624078e-01 -9.291918848949069776e-02 -3.282605709391047122e-01 -2.935559550185151689e-01 -2.301780818936428885e-01 2.506726234263572661e-01 3.419711688326722565e-01 2.937614268711031817e-01 -3.421359870799535741e-01
-1.765134289099232201e-02 2.244797711113800665e-01 1.441633080651739396e-01 3.502498125048418565e-02 3.991664373425467260e-02 2.424517664332194802e-02 3.949376723350395690e-01 -2.232807921160220171e-02 1.903188342697866714e-02 -5.799031318843777399e-02 -4.249225596921323844e-01 -2.934893250791018038e-01 2.627359561117382225e-01 6.073656059773123728e-01 3.130305243839386770e-02 -2.435337365388918762e-01
-5.795321492408703201e-02 1.757236609715443210e-01 4.182943534202224201e-02 -1.377143810184718042e-01 -1.139827471695316896e-01 -3.152911941701299625e-01 3.698491896915045429e-01 -7.062559879913768435e-02 -1.338197779279847732e-01 -4.034514524907714672e-01 -2.784876619232521944e-01 -4.050787634410087934e-01 1.673119860837866957e-01 4.279077677350476283e-01 9.698102682369248717e-02 -2.191848477988222743e-01
-2.037173409383496447e-01 3.504632410694116795e-01 1.005878610331453760e-01 -4.539818328819946597e-02 -6.955317711096234770e-03 -2.090720846231506891e-01 9.259533386945320577e-02 2.075946860828316309e-01 -3.313896808181787113e-01 -2.384304234582863002e-01 -2.761433144220877822e-01 -2.995398810593093986e-01 3.786484343289434062e-01 3.107336397717140319e-01 2.581808852368154272e-01 -2.980470218508577407e-01
-3.115285986643428484e-01 1.375138397566791626e-01 1.140051916928194464e-01 -3.769522261330317259e-02 5.853793597479317254e-03 -1.132866381734799616e-01 5.858195645154315456e-02 3.245735362951124303e-02 -2.068370012462232010e-01 -3.646738106217665698e-01 -1.840761849519083615e-01 1.583760601636201304e-02 2.534249205208139455e-01 6.115020746417197950e-01 4.025122268113201507e-01 -2.054016372888606556e-01
1.839095415208958154e-02 5.733044887695958047e-02 -2.746391759343548220e-02 -1.320138858882923538e-01 -8.706417031325812406e-02 -2.499359649901674585e-01 2.241041634308585939e-01 9.043033499545895249e-02 -2.113067390026294734e-01 -2.573607680662240438e-01 -4.440854591190378509e-01 -1.923072496276642673e-01 2.133178175587227277e-01 4.646738151811923290e-01 1.508285751666520180e-01 -4.695636279142033076e-01
-2.996625027157352045e-02 2.311166758194982407e-01 3.852518383993729263e-03 -3.375299799987056121e-02 -9.190067823111722559e-03 -2.623700751204358084e-01 4.448961862344225082e-01 1.073130248195447028e-01 -1.766026480511360131e-01 -1.453176086194104266e-01 -5.376310740007712585e-01 -4.183918836459193380e-01 7.787147202987299011e-02 3.333842070459145379e-01 3.287339319220523165e-02 -1.773907703194697316e-01
-2.948471304035894525e-01 2.921980287235493301e-01 -9.987943374076154596e-03 3.328397374865767200e-02 1.493164825737890861e-02 -1.930701000345814156e-01 2.714028507532488810e-01 1.702773563137899293e-01 -4.398696670089691230e-01 -9.637730273466771358e-02 -2.306655876766776636e-01 -1.760431152156960166e-01 2.308117096021934100e-01 4.879238198569238461e-01 4.085610852347419664e-02 -3.260987206311005138e-01
-8.516751246140569220e-02 3.141420101930512132e-01 2.101311009057946766e-01 -1.508808245714108598e-01 -2.190267227987190979e-01 1.041904743209547124e-02 4.431856039663601421e-01 1.831122917908263245e-02 2.551873678468177115e-02 -2.487290350252618909e-01 -5.316203038520085356e-01 -5.421023962011559116e-02 2.537356633043045748e-02 3.375923256412352025e-01 2.004362894855106492e-01 -2.818648758774344176e-01
-2.898830145646518752e-01 4.313103173438816995e-01 -6.037376758422674516e-02 1.021662426092467407e-01 6.932995555638156449e-02 -2.267591296399557588e-01 1.621446368133532268e-01 1.651921847370941554e-01 -1.785228545557422386e-01 -2.077051367412551808e-01 -3.572327196561701501e-01 -2.165547581533691923e-01 1.963142683698010094e-01 2.095598778054408584e-01 1.749986070322157028e-01 -4.934049744444173324e-01
-1.700131640873143724e-01 2.788353050444228876e-01 -3.014707855173857920e-02 -5.242830132394591530e-02 4.897535191577136182e-02 -2.355430981047895445e-01 1.174594884912243259e-01 5.694591015463974781e-02 -1.938747325205439076e-01 -1.077122066146017632e-01 -5.375784999613222315e-01 -3.247101209949467826e-01 3.366363206318935264e-01 3.380349019016150036e-01 4.125202083013768399e-04 -3.788953736677115325e-01
4.744615891947130681e-02 2.045278932842207464e-01 1.690326679501889806e-01 7.289441323398478112e-02 -3.102785576839809933e-01 -2.848736136282535858e-01 5.931743781030349855e-02 -4.078457200418036249e-02 -9.324050381745099814e-02 -3.790866556298013723e-01 -3.590388505961262244e-01 -2.241078641292506557e-01 3.241204837840134245e-01 4.230309050072931787e-01 1.821752961545421712e-01 -3.011529139092916085e-01
-6.686297177307320982e-02 2.199894072266569689e-01 5.343102877225704844e-02 -4.198986423449264233e-02 2.495666363125508824e-01 -4.680606685827254365e-01 2.081820962311919099e-01 7.645839757935163350e-02 -4.418044886045036090e-01 -2.902514205645358447e-01 -1.029038072610542753e-01 -2.758719849973461646e-01 1.000101449222400019e-01 2.808374049793026517e-01 3.294703900956428844e-01 -2.200271778096845599e-01
2.136243150289285353e-01 3.244360513683030023e-01 3.898242869270516359e-02 1.883824533241549581e-01 -5.563120895649879133e-02 -4.201918517619801507e-01 2.825157995796064858e-01 1.767418040532943158e-01 -1.858114112575301458e-01 -7.256810725822379626e-02 -3.129213094749733193e-01 -2.957744634338287937e-01 4.259384703585225584e-01 2.401187083241123066e-01 2.111477517273140647e-01 -1.119429254520340061e-01
-1.436335257836824503e-02 2.711374617078207705e-01 7.959813159528340842e-02 -9.097439738528537156e-02 -1.456161194681599227e-02 -3.054104832809744763e-01 3.080945123091439197e-01 3.876031843993653359e-02 -1.657321775830531974e-01 -2.423183596120755956e-01 -3.298757953868293735e-01 -2.639428743095875718e-01 9.116313084992473670e-02 3.993785475510920890e-01 2.836526629309498171e-01 -4.569592712230312603e-01
-1.714070512723195605e-01 2.259872855942777689e-02 1.223249567442985658e-01 3.360649260975854397e-02 1.196649754369501911e-02 -1.895847091979624977e-01 9.299784337775560128e-02 3.192123680285575693e-01 -3.017416752979992234e-01 -6.387603745928836785e-02 -3.440147098798039260e-01 -4.950104996014404457e-01 1.222353340059811749e-01 4.391582236211512558e-01 1.211063829533544772e-01 -3.555384011678190959e-01
-9.989202623842384499e-02 2.079199185085801871e-01 1.649833224936199938e-01 9.419668982483729580e-02 -8.592769862124571834e-02 -3.172637917834678634e-01 -3.823627113934674471e-02 1.535799121437427528e-01 -1.524189034858273450e-01 2.597853292615459955e-02 -4.203176473515837230e-01 -1.813562037155123652e-01 2.712520060441350189e-01 5.048953884172809881e-01 1.864176318871401117e-01 -4.253207631588004078e-01
-2.203944685398306069e-01 2.576949941817399115e-01 1.498936070883491734e-01 5.785629126196535632e-02 7.345318729630298527e-02 -6.533148114031632481e-02 3.193261860766557492e-01 -2.016873093333698339e-02 -9.007473555552875100e-02 -3.356675809335541438e-01 -3.347870370809929996e-01 -2.875170451252229697e-01 1.675214869089348413e-01 4.917326238001083483e-01 1.752261471032705298e-01 -3.620239515945137820e-01
1.001991308981381029e-01 3.472885128307224845e-01 1.902736054785492820e-02 -5.289077848896792111e-02 -1.323232109306906323e-01 -1.965457413726153513e-01 2.486631680333703243e-01 1.198802762242475034e-01 -4.698337562649483323e-01 -2.782474738348936771e-01 -3.176044999478025987e-01 -2.541597880402014509e-01 3.972305796239286590e-02 3.431487892431626108e-01 -2.167729860391823509e-03 -3.884302927770157954e-01
8.230315463415531496e-02 4.477545985152590613e-01 2.245259157371758824e-02 -1.652395613777500605e-01 -1.674463004427842461e-01 -3.031157831988314788e-01 3.565124017623405028e-01 -3.641414602263296461e-03 -1.944290364544963845e-01 8.254436885514035427e-02 -4.624045755090524512e-01 -1.290880066554670191e-01 1.910892228464499409e-01 3.857691532859553463e-01 1.146476942649485853e-01 -2.105398589116680985e-01
4.565938920153251451e-02 2.226172671415392879e-01 9.118027074649087682e-02 -2.084745414526828489e-02 -1.860350877840588057e-01 -3.725460516417544166e-01 3.583751640907280600e-01 2.689712318537605396e-01 -2.358062741849647481e-01 -3.007158448960183250e-01 -1.789468135881702449e-01 -2.291710704965135292e-01 3.988681924343897012e-01 2.486435078293128265e-01 2.481534479877277044e-01 -2.288119217078186940e-01
-9.114365229017505621e-02 2.355970205377513338e-01 7.464679621516898166e-04 1.667864044091124098e-01 4.308781767984854599e-02 -2.333890906305378654e-01 2.947673583348784376e-01 1.210060079250926818e-01 -2.513782045984012670e-01 -1.373382379013951271e-01 -3.932692763658298674e-01 -1.040312920045605855e-01 2.746530898541359456e-01 5.149351979629552822e-01 3.453029492435385345e-02 -4.014852345700894998e-01
-2.220039793693996677e-01 2.263068281554521666e-01 -7.759907995434289774e-02 -4.547844332370244991e-01 -8.313180166252523429e-02 -3.494811514179816392e-01 1.844060499726843660e-01 -4.578205204290397567e-02 -1.590156389536794557e-01 -2.680223749416207890e-01 -4.394979495579006690e-01 1.142732949494201095e-01 3.617890835948181505e-02 3.091658109677287714e-01 1.921551829734406136e-01 -2.904213639173970352e-01
1.056523882390244251e-01 2.231168736432122546e-01 6.771977142822079021e-02 -9.747865642774468375e-02 4.377501877920284001e-03 -2.216251294466663468e-01 1.918117265718078390e-01 9.296180654836651291e-02 -4.088483574725379488e-01 -4.382304285646727027e-01 -3.325082768861534754e-01 -4.625770095436321228e-02 2.613447434092317501e-01 3.889118436974929871e-01 1.720927531371020391e-01 -3.306418778984370199e-01
-5.849212536660840928e-02 1.636349259418621582e-01 -9.489303938875874589e-02 -2.052915544014322080e-03 3.162875983837028226e-02 -2.068480570476144420e-01 4.692570119007720697e-01 1.123659024733124345e-01 -2.991287914810827342e-01 -2.690014060620500858e-01 -2.250443038751133162e-01 -2.973169648447517299e-01 1.807121448658609020e-01 2.749234900551845717e-01 2.889174346410783301e-01 -4.377024641378129410e-01
-1.611748347887072275e-01 2.274687054360473859e-01 2.139598197309672822e-01 -1.948382233843555800e-01 -3.914927404360375382e-03 -3.348678340936132591e-01 2.673360348306280110e-01 7.891913229820146647e-02 -2.939731834231030239e-01 -2.273489893941056661e-01 -2.202099122310367807e-01 -1.940645460709964076e-01 1.998530164900849393e-01 4.754478567192026994e-01 2.219285001665581847e-01 -3.304329646330454451e-01
5.483667670660159754e-02 2.232968331746917612e-01 3.124033395961857071e-02 2.207038778925870248e-01 -1.669205617653557808e-02 -2.486906735216844744e-01 2.059945852648135123e-01 2.362959597920736010e-01 -4.388123962974095349e-01 -2.244255091716964856e-01 -1.975813108435405807e-01 -1.982500432343479169e-01 2.169189671747338288e-01 3.950696284612234543e-01 1.970298725189876254e-01 -4.169302996003431683e-01
1.980076590753536148e-01 3.317060149312600070e-01 1.546700982841811012e-01 1.236084728304886471e-01 -3.085002837713780866e-02 -2.358697584842972539e-01 3.303484653032718876e-01 1.217980380495482448e-02 1.541399038222939638e-02 -1.591037438457860720e-01 -2.651892475995296095e-01 -3.329704034885920261e-01 4.012952735787924108e-01 4.139142007067192486e-01 5.584228134419973871e-02 -3.216675734416479804e-01
-2.003239282425643975e-01 2.508803518017183043e-01 1.445845699052091260e-01 -4.155867869258478980e-02 9.896187330958768069e-03 -1.732383547040896865e-01 2.311294458786818107e-01 -3.009873267181878767e-03 -5.073776439972399466e-02 -2.749542541567209231e-01 -3.774122324003661433e-01 -2.651959326042373499e-01 3.408449396822344490e-01 3.219231909144028569e-01 4.075697639209016621e-02 -5.275833827366850359e-01
8.946320296847515979e-03 3.692294644749188337e-01 1.473137216353610224e-01 9.200326009633096047e-02 -1.283239319941937295e-01 -4.436612545244804084e-01 1.502912451252593762e-01 2.506854244944851928e-02 -1.694245754886005151e-01 -1.002867628414710055e-01 -3.690772528236257455e-01 -1.905951795633194501e-01 2.567629112974774142e-01 4.569983637560486867e-01 1.799034327126341204e-01 -2.801049770978668030e-01
1.079128262076720218e-01 1.182641217538398654e-01 5.100949035383183817e-03 3.520705957521152313e-02 -1.374626158560180722e-01 -1.815332128759573616e-01 4.353533108360461146e-01 1.169647678210503222e-01 -2.122584024482713494e-01 -1.385790291744262437e-01 -5.392235646396846827e-01 -1.851942720861711744e-01 1.881377061414543639e-01 3.445165971903051405e-01 1.361883004400571417e-01 -3.950795353048615066e-01
-2.604633386245033821e-01 1.792560812857074137e-01 1.449310877305966805e-01 -4.170249092403627289e-02 -2.591953376987141122e-02 -1.105368940596688637e-01 8.672909028667354081e-02 1.264278108291579383e-01 -2.235795788680321194e-01 -2.353041640278446048e-02 -1.981760664107293513e-01 -4.381730002108540911e-01 3.860646704377367899e-01 3.649803614235733185e-01 2.239376535539311652e-01 -4.760990740627265572e-01
5.267933113847454718e-02 4.004248152128602189e-01 1.088935074222521365e-01 -3.768499813042536922e-02 4.645210667688760842e-02 -4.081984293051932888e-01 1.924236778707340001e-01 -1.375869763395277598e-02 -7.887810812069448452e-02 -3.070043932282806587e-01 -3.687833361494693984e-01 -2.429815947787880015e-01 1.755590428083792787e-01 3.331901233448849031e-01 -1.048177175219286994e-01 -4.114230467342440134e-01
-1.143266545444273502e-02 3.459349266713581672e-01 9.407022288288639789e-02 -6.268477221873099137e-02 -4.226680128502558614e-02 -2.190227260059582903e-01 4.659876671269532755e-01 1.429361171205491277e-01 -3.737891382305966181e-01 -2.036002513019351257e-01 -3.516716387609672423e-01 -4.069251852013049953e-01 -7.473694756435053828e-03 2.321561559355655169e-01 1.536116533314873245e-01 -1.791807739061934968e-01
-2.077909629005869618e-02 9.174912435145585188e-02 2.156772446836401069e-02 -5.090530544707657506e-02 -2.620466463730869097e-02 -3.992646103205816366e-01 3.947394878942299679e-01 7.342149975289465058e-02 -2.095479641316439767e-01 -9.523723287666749360e-02 -2.995338808389899077e-01 -3.300883360118589960e-01 3.941564620656829443e-01 3.894453253338522325e-01 2.665313114428160546e-01 -1.925088671031132403e-01
7.403883852185230707e-02 2.809120887059093907e-01 1.536984921249525682e-01 -9.581762053231590581e-02 -1.180565568601341514e-01 -1.893548270485138907e-01 3.802938839003777161e-01 1.029845451728071681e-01 -3.449863118583365029e-01 -1.707491432334561632e-01 -1.213399094245611182e-01 -3.224564298898800474e-01 2.119854610931058148e-01 4.759441373948464227e-01 2.097414972096464381e-01 -3.089596231457156228e-01
-5.473109595077174476e-03 1.373190915848228055e-01 5.504485561549386091e-02 -1.727456294116308522e-02 6.852672940122302159e-02 -1.523551073838217973e-01 4.192406203566267364e-01 1.689903686740556465e-01 -1.857078037068431442e-01 -2.222157814227280759e-01 -5.466561234431864813e-01 -3.010820286992983985e-01 2.039407444464299279e-01 2.597266796268035138e-01 2.122379394722644363e-01 -3.436734877348884831e-01
3.621230336787669563e-02 3.892166037540220613e-01 9.619587403997043040e-02 -2.081502536844129225e-01 3.822757742636538614e-02 -3.497390367396520650e-01 3.658203596655593137e-01 1.250111973301160917e-01 -1.151735706523269870e-01 -1.968328554808879416e-01 -4.458548844868825967e-01 -1.547530945003155189e-01 4.646679850465341710e-01 8.579334735537944012e-02 1.081522428609084929e-01 -1.080318869189462044e-01
3.585094180294480792e-01 3.664650117003172003e-01 5.889276921316236035e-02 -7.367834121243692358e-02 5.403217070397510480e-02 -3.002397825002876552e-01 3.479899514425623397e-01 1.184117697466814112e-01 -2.434821835361607179e-01 -1.380948150531029206e-01 -1.061649217186353689e-01 -2.464152069892562302e-01 5.573372892043623739e-02 3.347429157369308239e-01 2.407879147323342683e-01 -4.202531327999426414e-01
1.324324009796978840e-02 3.133696236729049955e-01 9.374421151358479365e-02 -8.825783517434783454e-02 8.127041206677773633e-02 -2.546367366578091707e-01 3.750415669254625883e-01 3.255374398638635064e-02 -6.261237389040789914e-02 -2.273526436917606974e-01 -4.087883327460038463e-01 -2.693696130673808864e-01 4.093863352218589657e-01 3.718916705787869148e-01 1.181045554096152583e-01 -2.382421177588936179e-01
-8.553875999771697047e-02 4.712167206273853437e-01 1.713650043748305707e-01 -3.584550150503165028e-02 1.313380112261559041e-01 -1.129218313534107176e-01 2.853249847440292308e-01 1.581557134230216488e-01 -7.598942267516262117e-02 -1.393023370032839825e-01 -4.202031274605627642e-01 -2.992702707590902400e-01 3.346668505748631173e-01 2.665011730363089359e-01 3.564562699461943079e-03 -3.594608313690302870e-01
-2.141587113859687308e-01 3.933156810141907322e-01 2.347137549878148821e-01 -1.109534199167122766e-02 -8.531351538464272688e-02 -1.349866051003363598e-01 1.814988743083245648e-01 2.633835448218053155e-01 -7.950269872539435234e-02 -3.156498017798858857e-01 -2.939421275638546271e-01 -2.445837154254401069e-01 2.426629915050435016e-01 4.618426810799346471e-01 5.794088010134477995e-02 -2.978134914891971685e-01
-3.063713239609578420e-01 1.526042743520700795e-01 1.297269362984473373e-01 -6.528451836172945166e-02 -8.245377274823921521e-02 -2.238426853779658388e-01 2.655476028907383101e-01 2.416628846659454322e-01 -4.059956484079229044e-01 -1.125244394119692681e-01 -4.309244255094211162e-01 -1.866577832175121132e-01 1.668759352224206127e-01 3.521911964305705633e-01 1.266726446800594263e-01 -3.316223292599881356e-01
-4.944319147050195429e-02 1.714539497860773920e-01 7.948896919016915086e-02 -6.404093741036573362e-02 -1.360424594953109079e-01 -3.327881103331078450e-01 4.315830465965295737e-01 -1.033906119023679793e-01 -4.665654241898294086e-02 -3.778207365750558822e-01 -3.247540158839836710e-01 -2.688060260028872772e-01 2.369213238267281196e-01 4.843774741893678293e-01 5.786046864196706802e-02 -1.215807415948240294e-01
-4.333558299541231951e-02 1.620348199745382523e-01 -3.611762179232713699e-02 5.408010806343545307e-02 2.762545659830141498e-02 -2.757699658549701005e-01 2.461389165946107072e-01 1.578166199633113109e-01 -2.837241588671651771e-01 -2.676670346471095585e-01 -1.300799240348685382e-01 -2.758987900053143094e-01 2.342633854827879947e-01 4.165101442812831345e-01 -1.251013905953717864e-01 -5.622619951857957821e-01
-1.652763369044846220e-01 4.330354060899203605e-01 3.015927005125891916e-02 1.240629085700173523e-01 -5.241318310258476221e-02 -1.987471799540383721e-01 -9.834101191671452968e-02 3.351653847264065011e-01 3.571422889977606263e-01 -4.728789779392817971e-01 -9.318552414778687176e-02 1.685892023003150164e-01 -1.812264024614295976e-01 -1.318412277009313183e-01 3.975438382669436721e-01 -8.984032840342789927e-02
-2.997384558970438984e-01 1.285600554531011186e-01 -1.000897428250664689e-01 -1.013471697374941638e-01 3.424742749418853704e-01 -2.226173670318846165e-01 -1.717398255209716673e-01 -1.227302982456538460e-01 2.164246423224379101e-01 -4.803815408214420768e-01 -2.403075190182355492e-01 9.032109595104167998e-02 -3.455754623386367852e-01 -1.447294563030888936e-01 3.143839207128188984e-01 -2.814562665053917390e-01
-1.355772264040179254e-01 2.461446660007436116e-01 -7.235882616028817271e-02 4.359864647832200069e-01 1.044392272114173237e-01 -2.427666917416608228e-01 -2.831663585278288986e-01 1.411752825392844357e-01 3.198120175174549162e-01 -3.348785038273822123e-01 -9.538315310652767387e-02 1.343687358048063496e-01 -1.791045419397549743e-01 -1.679649906015332761e-01 4.625465923796909795e-01 -1.998461633731860865e-01
-2.233770894822343089e-01 2.955199392226705024e-01 4.596637676710001175e-02 2.131021855871951809e-01 6.203392004029387868e-02 -2.455273309728958908e-01 -2.557437506185704090e-01 -4.087996047825049467e-02 2.421203387939597218e-01 -4.058029050570508001e-01 -1.891546123591280326e-01 -3.107873782572763074e-02 -2.893318049402520686e-01 1.091636781711585319e-01 3.291468701588296519e-01 -4.690697195860487612e-01
-2.869002958876389342e-01 2.878002492404958534e-01 2.032396384745686901e-02 1.836260763327004220e-01 3.362683932696107492e-02 -1.584862642357852403e-01 -2.446148582589135201e-01 -1.508473334580708869e-01 3.410505636551364184e-01 -3.267015133988516173e-01 -1.888718037199404454e-01 1.445877610838436633e-01 -3.949536002150208502e-01 -5.438355028336627067e-02 4.251230747765578633e-01 -2.694151812351152642e-01
2.689875984876812301e-02 2.430279674497019260e-01 -7.738877191527084032e-02 7.462612421452631539e-02 1.387318536416849712e-01 -1.879520794339976097e-01 -1.061299082072768157e-01 -1.434117585329194033e-01 1.969865426994614477e-01 -2.776505021709306797e-01 -1.134821494708384976e-01 1.523817314216429630e-01 -3.355923026309243773e-01 -2.221668460733404460e-01 5.132948371914516361e-01 -5.145959593654829689e-01
-1.009840217895675712e-01 1.512360484052364396e-01 -2.169399392506329762e-03 3.013455044489072310e-01 1.441605912809076628e-01 -4.307724442250631114e-01 -1.682683715423332060e-01 -2.908334204585873856e-02 4.485869055970365810e-02 -4.599456285375950193e-01 -2.437542015946517482e-01 -1.282361985774145216e-02 -2.633556948261296937e-01 -4.533109149171302837e-02 3.948763709604041772e-01 -3.743360624967926875e-01
-3.130500667010987503e-01 2.512885204963314356e-01 2.970486909307785278e-02 1.636541428769174855e-01 2.816049848339372691e-02 -3.382672121247519703e-01 -2.997966297885322762e-01 1.695349033502279446e-01 1.583443686525990990e-01 -4.874234552134792953e-01 -1.203979558285868390e-01 1.558472667630049491e-01 -1.422571142843777614e-01 7.353560905088271649e-02 1.364371775765445827e-01 -4.813029985643904607e-01
-1.500117892122690144e-01 1.459056095943017384e-01 -1.971824019937316042e-01 2.346414840179265882e-01 8.948199866985297180e-02 -3.102051628275194761e-01 -9.592858468789589033e-02 -8.741022268845966003e-02 2.929196957550978531e-01 -3.572445301223630687e-01 -3.152122277510277515e-01 1.221271453480779756e-01 -2.223145609808828693e-01 -1.176500945892212380e-01 5.519938426107270368e-01 -2.133810612665830719e-01
-2.141796292776551036e-01 1.429870973394289091e-01 -4.952498319221158157e-02 1.124814629809351707e-01 -9.381034986743433390e-02 -2.434436926922154687e-01 -2.612468018014476034e-01 -1.031183555415104147e-01 5.770627263593082479e-02 -4.240237564752946664e-01 -2.757984743777947556e-01 1.384435637616840131e-01 -3.390320897093854202e-01 6.354149707309499941e-03 4.315381514203808777e-01 -4.382494552099589491e-01
-2.299861597212905229e-01 -4.616792016999166082e-02 -4.027721790853940748e-02 3.369388636077869092e-01 -3.888429810827897376e-02 -3.404995530711125151e-01 -2.215408692329770557e-01 7.773206126966521884e-03 3.483556724055546505e-01 -3.662478056564147932e-01 -5.431504618539478163e-02 2.316399533671001376e-01 -3.441026013993993549e-01 -1.082912827102830156e-01 4.124636599629636913e-01 -2.255569302035753121e-01
-2.620443501149359936e-02 2.011587015416636537e-01 4.575501590439755295e-02 2.291288790580785772e-01 -1.157316649574641546e-02 -1.881430940358034543e-01 -1.867415018362205137e-01 -1.362403398502810004e-01 2.921641701224389487e-01 -3.495396758682077221e-01 -2.006299310388970913e-01 1.023304497506406785e-01 -3.362887131508303651e-01 -1.258133591440391830e-01 5.406501661076268395e-01 -3.685184926514913362e-01
-3.282683702795430869e-01 1.063489462093753501e-01 1.210189921164648956e-02 3.123014549574066323e-01 7.074609114006547017e-02 -2.782099504346169372e-01 -1.837680047850597798e-01 -1.395503078823642773e-01 2.092485610691613152e-01 -3.625274026097606295e-01 -3.487204444253690361e-01 1.299421895304334884e-01 -4.363010565247421035e-01 -4.938029168762039095e-02 2.643068313833997207e-01 -2.669143024560010069e-01
-5.793488549174680147e-02 -5.430545818632766947e-02 -5.118651747634259813e-02 8.671010814158446045e-02 4.542966585519701839e-02 -3.619842106697328532e-01 -2.257964967156861902e-01 -1.332561079066677256e-01 7.807934207706562768e-02 -4.978357709690890975e-01 -1.834327805805139322e-01 4.721647614304017720e-02 -3.666359137557115289e-01 -2.241663881257031365e-01 3.703495431395275594e-01 -4.123991103780775269e-01
-4.544405616134868011e-04 -4.877901977209586626e-02 7.332939016049278003e-02 1.897511805406675578e-01 3.001650843900247403e-02 -1.536926841249413311e-01 -3.751291483060642529e-01 2.140648937085558312e-02 3.529786521402887289e-01 -3.075815538069936461e-01 -4.432734589799888769e-01 1.668275012830126858e-01 -2.437527530084568905e-01 -2.735110047110515530e-01 4.184151711716882494e-01 -1.942089019951100393e-01
-1.498229994781425656e-01 2.072421355417631561e-01 -1.959243095829805645e-02 2.660545919450870711e-01 -8.294363484834833822e-02 -1.149106292371575577e-01 -3.258746206022455350e-01 -4.338398577460386707e-02 9.557852154626267360e-02 -4.469482062844250536e-01 -2.375609264417341271e-01 1.835022381294343641e-01 -3.743087522871940132e-01 -7.869844476422241386e-02 3.470105219685841180e-01 -4.117660881294643582e-01
-2.676579844392812380e-01 -4.730069375511673779e-02 3.813142786009563606e-02 2.371473936280134864e-01 1.626347214406027586e-01 -3.606453245230406002e-01 -2.088494451061749801e-01 1.340280222274184141e-01 1.999110016712815074e-01 -2.686473157985774241e-01 -9.840887322918208391e-02 1.902666327732963347e-01 -2.724080438063050114e-01 -1.539158588345600209e-01 5.411061439902482562e-01 -3.187768368497927440e-01
-1.436895543597214997e-01 1.181664471935584410e-01 1.194361309467136846e-02 2.839285223293809904e-02 -1.205759248538249701e-01 -4.434401017145062074e-01 -3.011915831391723808e-01 2.538772772457819141e-02 -8.513059998046716356e-03 -3.694108563651926080e-01 -2.792971470198907930e-02 -4.167623286560553225e-02 -2.657172784143400079e-01 4.688861511518001290e-02 5.674341549641045424e-01 -3.578589806092418724e-01
-1.092338744007660678e-01 3.009234646706023808e-01 -6.175041104550890031e-02 1.250939071453799900e-01 1.590001886533152359e-02 -9.617778295868893712e-02 -4.689672565005894578e-01 -2.875776385013584791e-01 1.385150152187778760e-01 -1.939611443773611998e-01 -3.827925894481599145e-01 2.673057640568590188e-01 -2.269216912899059135e-01 -3.962226961311498402e-02 4.781052517693406556e-01 -9.736213254702692776e-02
1.089072444002488899e-01 1.169011915296599563e-01 1.010335380666400884e-01 2.531405915241797255e-01 1.374200679295326522e-01 -6.907444828017444971e-02 -3.054143914076814514e-01 -8.293356172534194215e-02 3.093820801069593340e-01 -3.998906298314322538e-01 -1.599513145999468255e-01 1.565490134199325201e-01 -2.532617813669766904e-01 8.404238515590913006e-02 4.589193357780564919e-01 -4.345578153849459779e-01
-2.334063147473909305e-01 2.840093242678279895e-01 1.764081399876644626e-02 7.734290213622689591e-02 2.765427167222134774e-01 -2.316050341373894206e-01 -3.768998345412350459e-01 7.580690585271826487e-02 1.924957685015950548e-01 -5.466486620163399923e-01 -2.591611083935651538e-01 -4.577244012141280100e-02 -1.237789293160716370e-01 -1.701042520849022355e-01 3.177148197021740783e-01 -1.741027608667307380e-01
5.073673566819968117e-02 1.627020523466164714e-01 2.215740749122224185e-01 2.420030126013929528e-01 3.862423171402672162e-02 -2.862011409259589967e-01 -2.008646436724793871e-01 2.671018363733244569e-02 2.234523582357017257e-01 -4.991400999861134169e-01 -2.056295937147897268e-01 8.053215700732996307e-02 -3.969389881180850899e-01 -1.584296031742663535e-01 4.084465596101614637e-01 -2.037166862527390876e-01
-4.050613888345183655e-02 1.521264998363923149e-01 4.232889366883507698e-02 2.325608794058786899e-01 1.164660247518413960e-01 -2.801265021036219438e-01 -3.038369355927769688e-01 1.214516151469956368e-01 1.351416434272338651e-01 -4.803981829002919035e-01 -5.680150016108848066e-02 1.315019255336596082e-01 -3.001563850139153389e-01 -1.144855059059409763e-01 5.191352782026463775e-01 -2.792325986933884563e-01
-7.518988426502516698e-02 2.927079719532734714e-01 -1.450549640400180251e-01 3.179407307212380185e-01 7.971688247281170925e-02 -3.499083897205703675e-01 -2.605733058895867149e-01 1.886194064186690333e-01 3.273222297022588823e-01 -2.719762868329946848e-01 -9.565802420459834643e-02 1.205634625367400237e-01 -2.134509244518130178e-01 -1.741131769203311808e-01 4.085972614607377706e-01 -3.265723755875359902e-01
4.294667970495133491e-02 -5.580170465723072876e-02 -8.907154670661118464e-04 3.321761431983737967e-01 1.742260125895430944e-01 -7.953206769633018591e-02 -1.554261510754691433e-01 1.033929735672203254e-01 2.321557976734017759e-01 -4.543864090830482816e-01 -1.389054379909231973e-01 3.445690028667949822e-01 -4.919166025433882039e-01 1.141867854387245834e-01 3.566486189281506403e-01 -1.804657183415210864e-01
-1.613976957199469708e-01 3.590255032471969532e-01 -2.259775678206531191e-02 -4.026313085022952681e-02 1.794171686373041141e-01 -1.773116108785841027e-01 -1.461243138734020508e-01 8.894821431596335037e-02 2.514353285112248537e-01 -4.054097335430985050e-01 -3.953138014363752895e-01 1.067813601819486702e-01 -2.155017875682410378e-01 -1.969205091791813300e-01 4.343093160121179741e-01 -2.844825820836146546e-01
-2.062950883614144693e-01 2.115645118586245155e-01 -5.766203381693155161e-02 2.909342863891798414e-01 2.245662015477264406e-01 -2.941231635330603944e-01 -9.833969928888698642e-02 1.109816631966525635e-01 -5.810181679851707942e-02 -2.308839824905954963e-01 -2.302904836711107683e-01 1.524155267806618641e-01 -2.490589947456900988e-01 -2.707276380039472796e-01 4.398939765620495934e-01 -4.516758825253886500e-01
-1.797952267406880411e-01 1.006594277773357055e-01 -1.244980018820196349e-01 5.609111254055476614e-02 -6.964714546216261778e-03 -1.374721650492407299e-01 -2.088398726650037840e-01 -1.521459716806007334e-01 1.253986311009788190e-01 -4.675588611972584796e-01 -3.010542925185572538e-01 1.891255078947796098e-01 -4.439285317152341093e-01 -2.069381073527526982e-01 2.692694449804360346e-01 -4.243177965213188463e-01
-1.265802741851674018e-01 3.825924075187098206e-01 -1.169499863155696873e-01 3.014147417281574648e-01 2.287294084082517470e-02 -9.220013124786119452e-02 -2.728489255962735505e-01 -1.518788321801045962e-02 1.428675416181292013e-01 -3.926080427301087417e-01 -1.688008139270659180e-01 1.090450150862947859e-01 -2.474118318899665714e-01 -1.611046773539486776e-01 4.891159640968994471e-01 -3.286831250985861042e-01
-3.056908812409849657e-02 4.835570138744004105e-03 -2.533497929956669004e-01 3.058791225390903867e-01 1.220718918113453955e-01 -2.576227708135155336e-01 -3.866262554371725502e-01 -3.133390029933362242e-01 1.261028395605503782e-01 -2.992402046663188986e-01 -2.483680014143854753e-01 2.941623737895122659e-01 -1.861821780789969794e-01 -1.390450305611939108e-01 3.324207689634212648e-01 -3.069137953626965842e-01
5.590797851244239114e-02 2.411440317781999576e-01 -7.961521815374702701e-03 2.413566143275538978e-01 2.548583849016266001e-01 -2.456805327522221805e-01 -2.954225383091465540e-01 5.797214680885539456e-02 1.776395302221301375e-01 -4.930854260730131444e-01 -2.255113403056528965e-01 -1.022948827056721285e-02 -1.533886787258263440e-01 1.496325491313157674e-01 4.610072753284700231e-01 -2.834885266213758026e-01
-1.663217717267524987e-01 1.769670095429413115e-01 6.800160471293026712e-03 2.004050570583876811e-01 1.550104714672754236e-01 -2.473071450665845494e-01 -3.489974620347455203e-01 -7.333023970516563961e-02 2.644994787702569239e-01 -4.012085876087409519e-01 -1.698361606115088296e-01 1.257143163107332373e-01 -2.536085313695988774e-01 -7.782444124940558761e-02 4.975721041033624448e-01 -3.080861055616481159e-01
-1.702009291915786149e-01 9.350486153232143161e-02 6.787299707565028206e-02 2.722279659896819082e-01 1.843710781487207795e-01 -3.581573583054171173e-01 -2.109947516949471635e-01 -2.673291751139586156e-02 2.063168734400255555e-01 -5.504035538149599782e-01 -1.984066741734918093e-01 8.584762191177948421e-02 -2.238337646805305392e-01 1.828422142780589121e-02 3.210035453924955928e-01 -3.610345738349483025e-01
1.193174559635126614e-01 4.968462905029358972e-02 2.501449218076005621e-01 1.810936882966790173e-01 1.866936084951020536e-01 -4.141071313456436420e-01 -2.658364146622646529e-01 -2.250907693366522022e-01 3.047475930704127700e-01 -3.481063920176243331e-01 -1.061355054272035831e-01 -4.449247288809756590e-02 -3.221623040645895109e-01 -1.526345580590906248e-01 4.115289125346948684e-01 -1.910966179146021959e-01
-2.057920754088021775e-01 2.319564679096376147e-01 -4.621414714864195000e-02 2.858010136294975023e-01 2.210510290838871295e-01 -3.029777496356715893e-01 -2.969058862679309074e-01 -1.803635222292234719e-01 5.240542649066724790e-02 -4.509032209995659790e-01 -2.509371695867533281e-01 2.160457351040722708e-03 -1.638433129341387295e-01 -6.592014637325001314e-02 3.487359784868535040e-01 -3.699238010033463198e-01
-1.874535243040956478e-01 -2.691997527226326625e-02 1.004757264064171790e-01 1.683476359468565053e-01 2.400074885146100123e-02 -2.916253135122564566e-01 -1.549252623888195957e-01 -2.294323439127869402e-01 2.372030672798613737e-01 -4.708832552805492511e-01 -2.017063599941758545e-01 2.669416383620583089e-01 -1.999304140961286336e-01 -1.193964324933633053e-01 4.711490483229995863e-01 -3.119119471146437061e-01
-2.300403751741420255e-01 6.581630729588237860e-02 5.188253435771329747e-02 1.423952164071482784e-01 6.094444628096627736e-02 -3.786892124702285756e-01 -1.377206342457977795e-01 -8.195782847004901006e-02 2.590997491429929411e-01 -4.082815681347455317e-01 -3.591143161576283438e-01 1.588764848305825872e-01 -3.306550326761288350e-01 -2.048557967866506957e-01 3.338637930567107115e-01 -3.101332160973382379e-01
-1.724370176091279960e-01 8.534922296682848075e-02 -5.934864977418403270e-02 6.596728551844860400e-02 -3.917544587251801241e-02 -3.440551334679570195e-01 -2.463619165149029122e-01 3.742314381818351993e-02 1.656863223513507233e-01 -3.990104099915416369e-01 -2.215884521388372108e-01 -1.141126288223595492e-01 -2.699200529928060255e-01 2.208210334125811913e-01 5.460403605187843512e-01 -3.233271811752720382e-01
-1.560560704537286847e-01 2.731115773283046000e-01 4.955362929112928222e-02 7.523331422345137798e-02 2.953677743170199377e-01 -1.852461984321908395e-02 -2.943248703160013524e-01 -2.170413247693008807e-01 5.227768533822658298e-02 -3.319877946292212889e-01 -4.597114963784160180e-02 2.449116475340417098e-01 -1.148557972482146528e-01 -4.435951115694305308e-03 5.667622649835984960e-01 -4.026744282571549927e-01
-7.005048234421182296e-02 2.157626969996741251e-01 1.899498587135639571e-02 3.606945079647217445e-01 1.724665590647813385e-01 -1.398714996818538892e-01 -3.948192169581166144e-01 -5.532649593585445974e-02 2.953896118114680142e-02 -3.739723150518948214e-01 -4.949769899711212173e-02 1.807533655244233095e-01 -3.419303997345358170e-01 -1.675129615985526399e-01 4.206325898695884025e-01 -3.347650744296103986e-01
-1.321255557306823536e-01 5.086900064220826190e-01 -1.051808980214819084e-01 1.074236593796779604e-01 1.319890413902725657e-01 -3.191024217462839485e-01 -1.770750414495065594e-01 -2.686449798335096076e-02 2.481008189187358659e-02 -3.856425951537187369e-01 -7.433889654072316222e-02 6.227856269540609814e-04 -3.764439193615849999e-01 7.945268843320649199e-02 4.815254453371907162e-01 -1.228730948025797826e-01
-3.230064553050197573e-01 1.982144899851559505e-01 -1.783199824802851607e-01 -8.589419033685498361e-02 1.616294529497743770e-01 -2.556998754475360291e-01 -3.474811163657867685e-01 -2.379371410356485861e-01 2.442727600023203716e-01 -3.347257690924200779e-01 -3.156838228484910025e-01 -2.613960769791788888e-02 -1.776770619452882061e-01 1.540538703888602590e-01 3.000273219266330060e-01 -3.618979109193508625e-01
-1.115593458691971629e-01 1.203808303740999675e-01 2.732857434776581745e-02 2.545626258026224553e-01 -1.513049723656221257e-01 -2.207764574156026727e-01 -2.286513722849631280e-01 -1.203009676448679455e-01 1.483306153123857274e-01 -5.003379772942617709e-01 -3.329632589667914089e-01 1.443706151110776825e-01 -3.248817613038221808e-01 -2.349651942200643717e-02 3.882820717564020585e-01 -3.289591055574696554e-01
-2.696740325595269328e-01 9.333401728237707140e-02 -1.617862365429533211e-01 3.479483379683052657e-01 1.195825820956204766e-01 -1.739394775810588767e-01 -3.953336300379149959e-01 6.524625345354961858e-02 5.512452644880752595e-02 -4.160986016867263548e-01 -4.192171277863210865e-01 3.856879797297230184e-02 -2.974255261206955048e-01 -1.722188122304435798e-01 3.044319134851136144e-01 -4.487529108628012658e-02
-5.842791622187297473e-02 1.735234659455864858e-01 -1.056265861849311621e-01 2.924745151087445594e-01 8.879138570663580587e-02 -2.814707108164324345e-01 -2.665164924104785338e-01 1.019085416513248674e-02 3.339613067457798956e-01 -3.321429257966636017e-01 -1.250424344728462422e-01 3.146278148107723577e-02 -4.578805972628728904e-01 -2.226960203349214740e-01 3.217313098527726511e-01 -3.321131028075737790e-01
-1.862748685060592047e-01 1.533245919021845594e-01 -7.217263546398186569e-02 2.576348870984178085e-01 3.083443864109233420e-02 -3.025188886096303320e-01 -3.185587110826164081e-01 4.675584208186289031e-02 -9.907695428116650160e-02 -4.555619533580640423e-01 -1.293272177299167047e-01 2.077725881855308210e-01 -2.823882027187181731e-01 -1.072585797522858791e-01 4.559711571165986355e-01 -3.125208902172307290e-01
-1.388668021935761110e-01 -4.422690011813513178e-01 9.948376898600697071e-02 3.021223559986074836e-01 -1.754592930223153324e-01 4.591424204839261031e-02 -4.359289159244383316e-01 2.944667642633432281e-01 -4.567539237516617112e-02 -2.827236297557548239e-01 3.065841405742855130e-01 8.007021596729776980e-02 4.192785230934431007e-01 4.209062072796976306e-02 -1.182318799083203059e-01 -1.820941229868640321e-02
-2.572192126537677370e-01 -2.767332851513514269e-01 1.353940324865675060e-01 1.588655721835332268e-01 7.929989111621731090e-02 1.346318924996572630e-01 -2.068662833844222559e-01 4.100785949981209377e-01 -1.886636090559024592e-01 -4.903298792453805732e-01 -1.427336792802956500e-02 3.466788865801767039e-01 3.068853052944064408e-01 -2.763811270178572754e-01 -4.647816951608479963e-02 -9.582355385188766339e-02
5.507403543635903953e-02 -3.262291458612416872e-01 1.348851157929450983e-02 7.544627050060141726e-02 3.020809520398063872e-02 -9.494458491778114129e-02 -2.615391707469005289e-01 1.439076186781717281e-01 -4.474357024120789728e-02 -5.118888114519676291e-01 4.468929404263298211e-01 2.579804889177031435e-01 3.555900560092890017e-01 2.535689276954058435e-01 -3.793696551016977059e-02 -2.512928450125677671e-01
-2.204028196758394398e-01 -5.507080691268603223e-01 2.023587017479937800e-01 2.566243101115094905e-01 7.076389107280955937e-02 -2.923299687014848866e-02 -4.702837669691100619e-01 1.354398480577733432e-01 -1.776722801819192454e-01 -3.599282244361728944e-01 1.517778245952458860e-01 3.598898725590073122e-02 2.375020659263417100e-01 1.475886155931983301e-01 -6.883771518243209098e-02 -1.661009504033483519e-01
-1.007295358510374231e-03 -5.585814053100401910e-01 7.735532923047686027e-02 4.361851750386187831e-02 -1.042795431518803578e-01 -1.297051785588895778e-01 -2.013028328140415713e-01 1.393818213383131721e-01 -4.052884009268686305e-01 -5.174157700931744652e-02 2.598765586390255899e-01 3.225394467392778686e-01 2.471814815780026819e-01 -1.429614819704859430e-01 -1.177703770888182816e-01 -3.981729107469285101e-01
1.726230174052218180e-01 -5.130138396863840322e-01 7.735817809643642795e-02 3.754470992934368784e-02 -1.010623108175380952e-01 1.681944406410722237e-02 -4.925883268654424607e-01 1.301271804556961842e-01 -7.450300659227342137e-02 -3.625631346959625190e-01 2.692725260110847563e-01 1.936334754395703517e-01 3.370308529591106161e-01 4.845547093092619773e-02 -5.969832337097642772e-03 -2.580187315904691192e-01
-4.945420867400845272e-02 -5.747700276242129203e-01 -3.143527916692344382e-02 2.252659829276215109e-01 -6.655209677693850467e-02 -1.709989906981629892e-01 -1.681676190262030302e-01 5.901642623754242978e-01 7.947867644787943997e-02 -2.041285414835888046e-01 8.162107679326995047e-02 -1.347446701577014738e-01 1.323331055091565567e-01 2.072784200902274832e-01 -2.500204426217182418e-01 -9.709094664739885416e-02
-2.473941559629578846e-01 -2.990930664795815597e-01 -8.810589589542541789e-02 2.666763150905868685e-01 -2.434569499503232426e-01 5.071056580247059603e-02 -5.392211353003314445e-01 2.588958285106729984e-01 1.054741366832349647e-01 -2.617852689458635695e-01 -7.158143644664749505e-02 8.313294400939473527e-02 1.256600368498262954e-01 7.829377444902886618e-02 1.023649537162557577e-01 -4.761732665973457679e-01
-1.493182870781953608e-01 -3.168832718675633209e-01 8.362172122122107920e-02 3.299785942265695549e-01 -1.462216810577974258e-01 9.615387345299614141e-02 -4.497831658280395106e-01 -1.576740204346847030e-01 -1.691871428529357069e-01 -3.617358942940205879e-01 3.369445180905371595e-01 7.169320463483573602e-02 1.975205762336176285e-01 4.173289964096997817e-01 -7.099932632576359814e-02 -8.515158169331729643e-02
-2.410033127911632711e-01 -3.304876313962497592e-01 1.984775938970948506e-01 3.596886707413483597e-01 -1.614857449844784298e-01 -5.061874594401334637e-02 -4.384623431043533359e-01 2.592037585069946193e-01 -1.337682028865729844e-01 -3.808730425185931634e-01 1.297277748308965084e-01 1.520417007359885497e-01 3.262326717518833075e-01 1.333073449316210350e-02 -2.575038460919970018e-01 -5.695547494627521690e-03
-2.225321523787950617e-01 -2.986896419001231484e-01 -3.019725907781591751e-02 1.283122996636920365e-01 -2.022907449501075705e-01 -2.230879473864371548e-02 -4.446004158008810547e-01 3.039220214657937791e-01 -1.178007429344680029e-01 -6.027601292540688549e-01 1.816449978461227299e-01 -8.562167412531145050e-02 8.612959832634406454e-02 9.061775884822860505e-02 1.311278066937558162e-01 -2.491656340858960650e-01
-2.229291050822352627e-01 -3.303036957957425912e-01 3.489459108996634806e-01 8.453248165706669925e-02 -8.526578896311123867e-02 3.144382568682545509e-01 -4.899887692299377817e-01 9.356500281593158053e-02 -1.285509450369405338e-01 -3.696165412000942951e-01 3.669237146763380530e-01 1.016276762296857705e-01 1.118044835175191765e-01 1.733360455794078492e-01 -1.130310039760909352e-01 -6.231735336996848534e-02
-1.716837588467514386e-01 -3.539062035347393942e-01 -5.801811053186861633e-02 4.249807981176862426e-01 -9.500175554290755942e-02 -2.750188644112657732e-01 -5.155642750141512520e-01 8.282794044617904083e-02 -3.198543703641438390e-02 -3.156120867243467631e-01 -1.194476627712402544e-03 -2.042860797300213860e-01 2.333898524435990551e-01 1.281283086438622654e-01 1.002050917504231781e-02 -3.010252871159398436e-01
3.140168656135627900e-02 -2.136605591201023724e-01 2.361877983646851198e-01 2.576978143106929964e-01 5.480527170936996123e-02 1.283527408399242620e-01 -4.571838373210004858e-01 1.525242437605336954e-01 -2.392585673633350063e-01 -5.800233193001140819e-01 2.799488113523128097e-01 2.434576140908640829e-01 1.132700103711810208e-01 1.266684600250612414e-01 1.254935356718099027e-01 -5.893410468565249416e-02
-2.201864345739015238e-01 -2.652954507406120599e-01 1.296358572879225401e-01 3.500194716667295314e-01 3.583137519692718154e-02 9.380586876029739507e-02 -3.835733779273342581e-01 4.237421657797258573e-02 2.620006193027423630e-02 -6.041875893598095404e-01 2.981742929139959419e-01 -3.769947501669476675e-02 2.986342747186889190e-01 1.059944645537955754e-01 1.033244195292330053e-01 -1.251327090774339845e-01
-8.252642478208747912e-02 -3.170399054847134468e-01 1.331790638302522978e-01 2.684209282109338290e-01 3.644682785791745344e-02 1.124022244491521133e-01 -4.043861331321058072e-01 1.021347661314878918e-01 -9.570958888222519390e-02 -5.021401440428354679e-01 2.009823980726020420e-01 -2.117553399495777366e-01 4.294286867939802743e-01 2.642214957390674468e-01 -6.905713496948867602e-02 -9.713990743453251864e-02
-4.301842840667254864e-01 -2.104449182903319338e-01 -1.945401956707756286e-01 3.511356514164795661e-01 -1.721726286841177012e-02 8.592953007064241255e-02 -4.809362304093690033e-01 4.012272837187238483e-01 3.081714145764184731e-02 -1.177373200354285415e-01 3.118602356751339899e-01 1.254443967215061184e-01 1.380437158637318751e-01 2.248567021415998068e-01 7.540014418001939750e-03 -1.098664811266390207e-01
-1.414742494081154267e-01 -3.588510713668741081e-01 2.404085017447292749e-01 1.934352421313829673e-01 -2.398125968422540055e-01 6.667874366996000279e-02 -5.571535233003134246e-01 2.089448731967749606e-01 -1.195715208535060581e-01 -4.809563533935034552e-01 2.227189013934108286e-01 7.098358956702061073e-02 1.416458911909798148e-02 6.820962160427447574e-02 -1.530358493877548021e-01 -1.069180010299413536e-01
1.503300562022399367e-01 -2.989880969446000458e-01 1.453257839298075227e-01 1.630257497856403559e-01 -5.459007158511295504e-02 2.747472201705506989e-01 -4.230890908940261319e-01 -7.414118653765091466e-03 1.257436178689699466e-02 -4.933748138401759520e-01 3.959277621888666610e-01 -6.600112990653775324e-02 1.260611242750102334e-01 2.933226754759483690e-01 -7.994483610590878350e-03 -2.758609800725511096e-01
5.336891591293622950e-02 -2.066059412014818464e-01 5.580342775455053583e-02 3.111325578541548342e-01 -1.871171857994875509e-01 2.970210282353081821e-01 -3.612273333872715875e-01 4.525655681442952161e-01 -6.507542408770254638e-02 -3.175325995069187002e-01 3.647263491598640717e-01 -2.006043407949223978e-01 1.233216538058964501e-01 1.581193131374521513e-02 -9.470003951124800201e-02 -3.053811088416996111e-01
-2.906070476402505820e-01 -5.391781390352650138e-01 1.719648665112099017e-01 3.166903580598955381e-01 -8.155644390163977603e-03 -1.406420105911271590e-01 -2.111027519914044637e-01 6.348826100856545807e-02 -3.840289361921889744e-01 -3.522805939242064643e-01 9.667543121209869195e-02 -1.890280303389459404e-01 1.237250353578502465e-01 -1.878263335337588755e-02 9.175592387629109836e-02 -2.929002594475628163e-01
-1.957621117495702834e-01 -2.991043430899896216e-01 1.001097083908207563e-02 1.442639414407760334e-01 4.407895747389016516e-02 4.369238342281290405e-02 -5.682951350762379672e-01 9.307367515294238947e-02 1.310298122540822230e-01 -3.832328700300924873e-01 1.870708314486062007e-01 1.043507874488898840e-01 4.518816758111604548e-01 -2.572854381572564630e-01 -1.499621687962961747e-01 -1.141276036253235371e-01
-2.473211524005205220e-01 -4.425034092250523798e-02 8.224192872935871812e-02 1.365442491120915369e-01 -3.151670533510585459e-01 7.329524072252939504e-02 -5.586831226096097280e-01 8.660265210705504757e-02 -3.287905155440866423e-02 -3.417631264033752503e-01 2.814042639213202857e-01 4.062404609659714394e-02 3.567812614517074099e-01 3.528141233523497400e-01 -8.740610855840998117e-02 -1.703071694840810890e-01
3.954608864611312141e-02 -4.193917234163041519e-01 3.747161485995191832e-01 2.645608714021311925e-01 -1.138485145825166439e-01 -2.397073072817718087e-01 -5.168917615006045629e-01 7.697141786785516304e-02 2.847566669469956541e-02 -2.513274846030183474e-01 3.871742165037081462e-01 -7.443673578568969773e-02 9.051318910314744282e-02 1.470824767976960656e-01 6.429617549346816618e-02 -1.234435602036174640e-01
-1.495352194777804788e-01 -2.202603842310220661e-01 -1.204724064705684494e-01 4.064509352572178158e-01 -2.828227513804856819e-01 2.892060518699097749e-01 -5.437735345050633828e-01 -7.811364333052479847e-02 -8.054323563792106788e-02 -4.335501625914393031e-01 1.406342106375982060e-01 4.462766006087109938e-02 -4.465298189884523566e-02 2.371458409195463246e-01 8.439130701174459015e-02 4.911083028665651912e-02
-2.964783613393520145e-01 -1.388821991626292551e-01 -7.977704188980053179e-02 2.617041442817233943e-01 1.536877780466613594e-02 3.466922779361900631e-01 -4.635782135976764251e-01 1.006987379214970696e-02 -1.554409571121690425e-01 -3.072002945817132180e-01 4.245016821424588138e-01 1.642290699689646361e-01 1.966798809253081648e-01 5.436551164599876668e-02 -3.247117680333291290e-01 -9.868074104722601714e-02
-1.253885796313259915e-01 -5.220085561190450640e-01 -1.186172859830572114e-02 1.083533490266781474e-01 -1.268546922756435061e-02 6.132577922506431134e-02 -4.505805700065825814e-01 1.998656488435743839e-01 -1.667613443923111616e-01 -5.322639583742057034e-01 1.931379730012803553e-01 1.842071240321806191e-02 2.885635814512752528e-01 9.382256896187348566e-03 -1.012434859133810316e-01 -1.031971184247231360e-01
2.489372429263163322e-02 -2.338417754123283399e-01 2.023743459305831771e-01 2.934861199652401553e-01 -2.156131009577965663e-01 2.269198505010711353e-01 -4.563049467114443369e-01 2.741692827311853486e-01 1.797537052232877075e-01 -2.798805057334520785e-01 6.879282184333747330e-02 1.105779416597694603e-01 2.200441971146444020e-01 3.350218902906518803e-01 -2.661370449793017956e-01 -2.777620425813773775e-01
4.902413059410135054e-02 -2.292170469687146717e-01 2.806488135063835987e-01 3.771411144897171552e-01 -6.811536506881498559e-03 2.100460601878829658e-01 -5.426941834646041851e-01 7.224267674262763173e-02 -2.871393268133587418e-01 -3.216567914887119572e-01 3.045741159457526770e-01 -9.562119891890848156e-02 2.878786479804815168e-01 2.250392139046204082e-02 -2.151768990025803435e-02 -9.214572143039741203e-02
-3.458232816284394495e-01 -4.694354250034984272e-02 4.058792728876812195e-01 3.001543008738518092e-01 -2.546085551484775222e-01 2.581482877834439041e-02 -4.435601580483244377e-01 1.873037070434686174e-02 6.735368520328607889e-02 -4.035969735660174251e-01 1.926215067512508927e-01 1.004485000917564388e-02 2.000954994407696530e-01 3.377976212319716565e-01 3.886865790486428163e-02 2.228040940889539773e-02
-1.214787572723969172e-01 -2.359720125550555381e-01 2.354421326282022386e-01 4.184957459142578107e-01 6.709411336269847925e-02 -8.212311377219391750e-02 -5.867769037740917515e-01 1.701524864243123339e-02 -1.880468475127441697e-01 -4.935113141489958499e-01 3.627961318266133967e-02 1.342799228732620975e-01 1.527699956338524900e-01 7.468983004811757809e-02 -4.852613093659499666e-02 -1.166686957604334274e-01
-1.597374751260829673e-01 -3.687883455447664161e-01 -1.298284005425400234e-01 4.597452581370985447e-01 -2.335216758344700605e-01 -7.298341246176763553e-02 -4.246701765097676828e-01 -1.616014466169143904e-01 -1.412365795403738855e-01 -3.060743875812860781e-01 1.844690233504457655e-01 -7.707282626633860101e-02 2.777700990967702510e-01 2.852081682899725301e-01 -1.173164638375141233e-01 -1.344537770467377213e-01
-1.045193401342011247e-01 -4.658977747734298069e-01 3.114672686696806081e-01 3.196272218061355641e-01 -5.690842947287777509e-02 9.422520262949944658e-02 -3.478167087775321797e-01 -1.645764313081943819e-01 -1.848312205307925948e-01 -3.888374254808636410e-01 3.547026744916186303e-01 1.483453666462387910e-01 1.562046255543090567e-01 -2.003569784409998111e-01 -1.059517503945221484e-01 6.096467767295775386e-02
-1.478353005132258535e-01 -2.595872888740841447e-02 2.229953747172240541e-01 3.740117575759369095e-01 -1.320985599967993696e-01 1.973853179238539979e-01 -4.671294195530432680e-01 2.155942111401141226e-01 2.166540966996313433e-01 -5.712533796590474333e-01 -8.398713328060092298e-02 -5.200587647173856437e-02 1.447096774901407423e-01 1.358684921320752192e-01 1.902054551467657617e-01 9.027879251596630794e-02
-8.419423453732026441e-02 -2.485057078502075079e-01 -9.572050620273322985e-02 3.127008829413837065e-01 -4.485439793484900795e-02 3.056103532691131774e-01 -2.470517192822117847e-01 1.248213162523891945e-01 -1.655401963802502208e-01 -3.966278290725054334e-01 1.014989504693505212e-01 4.067034515105193981e-01 -9.365152330708285261e-03 2.986303949624790066e-01 -2.806886727970458462e-01 -3.517194802201719650e-01
1.285894093032114403e-02 -2.993079362873167781e-01 9.956116549119954640e-02 3.540709027520898555e-01 -2.176839967727749459e-01 3.527880259616534286e-01 -2.958443840141462555e-01 2.721670059097330840e-01 -1.288374508250101080e-01 -5.065425872835189747e-01 3.327071979529131474e-01 -1.230830929332289714e-02 -3.184361452237607221e-02 5.319660226179562940e-02 -1.649113596075212768e-02 -2.310419384761810968e-01
5.785460806072471873e-02 -3.310849075397058749e-01 -1.639549352948263539e-01 3.525975893425048469e-01 -8.554663422643264681e-02 3.399415448115853527e-02 -4.344971310852763224e-01 2.170364879375619727e-01 -6.300955894133870860e-02 -5.830616234751112570e-01 1.511659299398671885e-01 -8.495944812513252231e-02 2.546064104881788914e-01 -1.181353822287863758e-01 9.482289154237132089e-02 -1.723103110081392053e-01
8.821310402347364021e-02 -3.828787290434070845e-01 1.195702680565589593e-01 2.900597934988696780e-01 1.019248974827437898e-01 1.764145281796903331e-01 -5.402562468259471951e-01 -3.385943974793827194e-02 -2.675934380508019905e-01 -3.423394215833854282e-01 1.893887752253846646e-01 -1.143581949794931912e-01 2.525747456916028200e-01 2.775222867243520852e-01 2.807086840132305347e-02 -1.825034846290918833e-01
-1.201682455209687334e-01 -1.336786349648994288e-01 2.158159483932735045e-01 3.050583262882976543e-01 9.947704185144520816e-02 8.466471598826234846e-03 -4.322400264512479273e-01 1.503051062542575533e-01 -5.376554586581488993e-02 -5.239014910339832021e-01 3.917932822049517982e-01 1.966028252780298302e-01 1.981354417361546882e-01 -1.310994696920170406e-02 -1.140759674329847734e-01 -2.944504668508786671e-01
-1.377396340613148140e-01 -4.963523543666858440e-01 -1.814548969508556625e-02 1.647650663918824310e-01 4.768793475601990073e-02 -1.911070993260411896e-02 -3.933818730512586570e-01 2.906396473755459842e-01 -1.134061625051572958e-01 -5.094633396772000333e-01 5.128321371688025765e-02 9.524891771185588218e-03 -3.881575405011460089e-02 1.563163060331198007e-01 8.671366230518511020e-02 -3.958914413451158909e-01
7.654736390517567768e-02 -4.386053742521821008e-01 1.127879627421491393e-01 3.740149597326675179e-01 1.622167433772574718e-01 -1.902698133484904686e-01 -3.615176683770277011e-01 1.380930872984410529e-01 1.955558928551445197e-01 -3.732847220580453595e-01 3.874306397328589613e-01 2.724681064051145407e-01 1.822254913096233997e-01 -2.824540780736297871e-02 2.870252564710420312e-02 -1.109886539526284271e-02
-1.927163244686125598e-01 -2.095112641384687391e-01 -2.743428909086177009e-02 3.425108244201844898e-01 -3.641712939696374329e-01 -8.211133154609537299e-02 -4.245642175611189506e-01 6.046236992579159808e-02 -2.065044874978121114e-01 -5.101237759764830626e-01 3.380364282720398159e-03 2.857901993270829388e-01 2.446480157079503892e-01 1.158046922020385949e-01 1.342896939575000392e-01 -4.208007833868825098e-02
-4.589011252890121823e-02 -3.506181221925607772e-01 1.398051509503535350e-01 -2.477263691714093330e-01 -1.186209513743332472e-01 1.240725381529464294e-01 -3.332337537280375406e-01 1.772749364151019746e-01 -3.399235596699858725e-02 -3.423728681382855465e-01 4.615999847761463326e-01 -1.705790938871972612e-02 9.409835968505090437e-03 2.064765560044374282e-01 1.082566976439328504e-01 -4.857265981158234158e-01
-1.781812961861883593e-01 -4.912413955800289389e-01 8.817009920933663314e-02 1.594077108210744664e-01 1.414473940569385413e-01 -1.235579473833226249e-01 -4.515575734610923764e-01 1.245548528261130328e-01 -2.380537106428404215e-02 -4.663856494807073205e-01 -8.591797208141721542e-02 -1.880451660181636231e-01 1.596978055052592216e-01 1.380209049096715046e-01 -8.494658809111153841e-02 -3.556152596676354083e-01
-1.439183851612401699e-01 -3.364132386101244543e-01 -9.138322764060639869e-02 3.072334285067285786e-01 -2.186768399768415361e-01 -1.435272662248734954e-01 -2.187259650436716441e-01 2.843505691638633093e-01 5.094818021146772097e-02 -4.796846266861001240e-01 3.436036069242032753e-01 -4.746639160119734552e-02 3.236680760994553596e-01 9.097246453769787522e-02 -1.350391339300016091e-01 -2.863080356935842063e-01
1.254012543196991458e-01 -4.999746279438457841e-01 1.198888566454271026e-01 2.379716354611343399e-01 -6.859635598037300275e-02 2.011382578578562730e-01 -5.660011605831742898e-01 1.336499644472018966e-01 -3.254805526136447802e-02 -3.651849280839243872e-01 1.903949217971212249e-01 -7.252283223566577397e-02 2.530933968213022744e-01 -1.561056828969903942e-01 3.414853205181122013e-04 -1.247389698028202043e-01
