6.058152010073148963e-01 -2.546842398802507401e-01 -1.051710511486551348e-02 1.736519536966924238e-01 1.565206026706980891e-01 1.462929976841970681e-01 8.225660516063025562e-02 -1.673537487504311860e-01 3.247667222256285791e-01 3.393882123068142631e-01 -2.275723400394002172e-01 -1.531396569022669130e-01 1.491104164598371640e-01 -1.453960646942777657e-01 -5.261261629047558203e-02 -3.393284202859009890e-01
3.639678316461467111e-02 -2.513651405323704888e-02 -1.171353555094344382e-03 6.103726698871193568e-01 3.403854113192411601e-01 -1.830413982428502895e-01 -3.000582452118776278e-01 1.881559764292200787e-01 -3.715987940539617479e-02 -5.706811307716690845e-02 -4.372363428788110240e-01 -6.874208319867046446e-02 -6.739006873990306679e-02 1.844089027454260121e-01 1.674048408652008546e-01 -2.890883821621348937e-01
3.121721688742050138e-01 -1.097063270023290737e-01 -7.315947885750262447e-01 -6.940481448667007273e-03 3.041791931200685251e-01 -5.877448540740386890e-03 -3.695486957090918789e-01 3.569650030693131797e-03 2.333635972984887674e-01 1.253708521793237274e-01 -1.128283244292989790e-01 9.274990720930917365e-02 -1.221766220276659931e-01 1.325070907960478050e-01 -1.475895928775574316e-02 -4.339549344457171304e-02
7.753299247833435326e-02 -1.887524096224073022e-01 -2.764442838262303193e-01 5.104665958030082384e-01 9.649098370367197031e-03 1.698852190748791069e-02 -4.079392530215150692e-02 -1.406529115617156656e-01 2.808893735163274785e-01 -3.819127857744611942e-01 -2.805244683037743103e-01 2.496011027695789128e-02 -1.054918155774802607e-02 -2.807722805560147750e-01 -1.339466919875023088e-01 -4.456177723461630102e-01
4.160335723289043663e-01 -3.812845089146268962e-01 -1.686008023237908771e-01 5.096124424338572823e-01 1.488449425776302293e-01 -1.600067794388274067e-01 -7.538372186861987123e-02 1.613956271224296912e-01 -1.861743978906880148e-01 1.295878578407664017e-01 -8.022549102497189555e-02 -1.605513988295398375e-01 4.147171837449137310e-02 -9.492835423056319999e-02 7.186271442328938386e-02 -4.629865349692630638e-01
3.423032754186206561e-01 -2.965001325692757650e-01 -1.072053050400745139e-01 1.377312462136112692e-01 4.180695248667181119e-01 -2.875758170793808466e-01 -1.319656190783236871e-01 -2.917109920566320902e-01 -1.019824887456236145e-01 -1.122820934457151483e-02 3.280152060926024710e-02 -1.344409291381902793e-01 -1.290822474196996195e-01 6.746126258355916727e-02 4.739415394602367569e-03 -5.945994830396525987e-01
9.498396435684668127e-02 -5.002850420580232660e-01 -9.054642298169891801e-02 1.119128349728329835e-01 -2.015625406372129336e-01 -8.577185667122179391e-02 -1.325029953585920850e-01 1.048062945005594909e-01 5.228459783074207445e-01 -1.522019564348193466e-01 -2.968229679731806958e-01 2.886779257697829476e-02 2.537918285337511515e-01 3.759443659503216573e-01 -1.611113558259885392e-01 -1.620870435748631433e-01
-2.433830885512806158e-02 1.916454354786829850e-01 -2.651118462323491243e-01 5.106977307404265976e-02 3.826175719160815336e-01 2.165281224500252288e-01 -2.806053693170781904e-01 -9.744182935048904814e-02 1.705980699431557113e-01 1.810036723360014255e-01 -1.227943158143543906e-01 -4.694640851620275890e-01 -6.088079024248965743e-02 -2.972381366802558933e-01 -2.453413614591414271e-01 -3.983490645390746487e-01
9.090081258890493621e-02 -1.734165849091359457e-01 -9.213937355624224335e-02 5.315494508160323317e-01 2.353979314419009372e-01 -3.436238404942782432e-01 4.140706446207687019e-01 -4.599854531521110901e-02 1.136876648654139808e-02 -2.785064146633189561e-02 -2.620908207077214391e-01 -1.473776212662543939e-01 -2.138944284638321092e-01 1.293692917897665551e-01 -2.566470311958206074e-01 -3.223317317570321694e-01
1.437118519383170923e-01 2.124833834310347058e-01 -4.823340424646089808e-01 4.738542146795621801e-01 1.328560778151499089e-01 2.383276483695867531e-01 3.058023156972723977e-01 -7.630617026065021624e-02 9.689546570341280030e-02 1.708288417493100952e-01 -1.992479746201595847e-01 -1.828872240287993944e-01 -2.970847694344902479e-01 -4.055426966406678463e-02 -1.383783280963975411e-02 -3.184510411469453350e-01
1.254662012824209749e-01 -7.260784907155397316e-02 -1.019784367591406865e-01 1.274351738156104530e-01 3.180662376328897700e-01 2.881480395995760779e-01 1.995510252734674587e-03 -1.634909072539658115e-01 -1.246975096210783396e-01 -4.752431829091333104e-01 -2.909367083824027089e-01 6.048719509966746927e-02 -2.674380275837291432e-01 -4.181343258794231743e-01 -2.156825093122133885e-01 -3.447195173968982673e-01
7.955589596513967798e-02 2.976594097163002828e-01 8.787086821291580085e-02 3.155124613143568957e-01 3.977584855358133886e-01 3.300038227437636640e-01 6.514012830131224452e-02 -4.672847148385898819e-02 -9.592334504188247679e-03 -1.286643121153571157e-01 -3.157255459607199444e-01 1.625507021465161517e-01 1.158767678247521749e-01 -4.220458922956211167e-01 -1.737659346950772010e-01 -3.997031154198965042e-01
-1.518851856239402387e-01 -6.042570322057987803e-02 -8.833592006308811639e-02 4.059899084338220998e-01 4.929431124214979087e-01 -5.641926741790402600e-02 -5.298702146182969475e-02 3.465320390062146538e-01 1.699110862675103084e-01 7.334799883433947010e-02 2.883061851271950457e-02 2.142971994115465059e-02 -2.871487417131272646e-01 -1.845601504777652224e-01 3.119657493608081200e-01 -4.268499016253471945e-01
-3.706769827450980687e-02 -2.733968181732301765e-03 -4.111263200657604422e-01 2.426703460374578514e-01 1.819544540535954769e-01 1.634774640118630273e-01 -1.213458695104379370e-01 -1.905482675934321579e-01 2.479501031379031592e-02 -2.424124477999783644e-01 -1.532537952144040483e-02 -3.439927852820465759e-01 -1.142399646012035169e-01 -1.182166473762920889e-01 -3.527558981303569596e-01 -5.748320071837674794e-01
2.062122910390945807e-01 -6.099140423997168048e-02 -5.426911535203956388e-02 2.750202125128999309e-01 2.961945179711798493e-01 -3.785227706484080995e-02 -1.952917266332836535e-02 -2.445179145298581880e-01 4.297893032436244098e-01 -4.407617979913534129e-02 -4.526822997395253401e-01 -3.604838477764582549e-01 -9.143813866427452988e-03 6.995302317459087260e-02 -1.960110383164518355e-01 -4.011385212824842839e-01
2.849189231974659786e-01 1.968208202534340312e-01 8.272126051073037944e-02 -2.331622119320803377e-01 5.787629710037591746e-01 1.301053565799086542e-01 2.785401057813144954e-01 5.019616567995712625e-02 -5.847744529783779899e-02 -9.249516438511465322e-02 -3.742372939177135982e-01 -2.025362745249205954e-01 -1.135836954178162939e-01 -1.465000961385417577e-01 -3.145747912905418886e-01 -2.459813547047069171e-01
3.803850825565220917e-01 -1.691001253107259072e-01 -5.590820950858180760e-01 2.829753661826087674e-01 3.614299074158970893e-01 -1.182357528052999374e-01 5.468237440744905947e-02 -7.433718306109739216e-02 2.991899156640043245e-01 -1.010078495811396609e-01 -1.742674951707205433e-01 1.096838682792455749e-01 2.120593192690667095e-01 -1.990224642393200339e-03 -2.800416130320653729e-01 -1.241922563843494004e-01
-2.242225991778188932e-01 -1.371472966477432949e-02 -2.132476154402073998e-01 2.876031300408757319e-01 4.390158939288922868e-01 2.875642455586485680e-01 -1.502799851328737168e-01 1.598584286845308733e-01 -1.402924815025860250e-01 -4.649420248244530152e-01 -2.572648353494546569e-01 -2.766843726354863142e-03 -2.826520522579755723e-01 -1.696828506661456418e-02 -2.567585737380430611e-01 -2.227736439340473606e-01
-2.810706852640563330e-02 -1.083041185432476747e-03 -3.242801867209530453e-01 1.219926606091244342e-01 4.335032821158907312e-01 4.441716796114558025e-02 9.198125123138535530e-02 -3.359084414748340075e-01 2.820946015624408165e-01 2.686767201077284173e-01 -5.745685633549231508e-02 -3.790929095764632162e-02 -3.588292682180072024e-01 2.672547156734679241e-01 -2.249825125514485005e-02 -4.591114374558620259e-01
3.880568114949787817e-01 -2.955969496437276800e-01 -4.514575919483367339e-01 -1.072515868513822940e-01 3.386704501903668452e-01 -1.172689396209762938e-02 6.761384441585258087e-02 -3.045316245658193366e-01 -2.584604178166356042e-02 -1.354334198503746034e-01 -2.046332763625775542e-01 -2.037470167711158131e-01 -2.837443989096629093e-01 -2.744528563252496833e-01 2.500080042186687002e-01 -1.176182292629653903e-01
1.053207760994786385e-01 2.962083574727595314e-01 -3.364182182755536821e-01 2.744923901266634325e-01 -4.374406900887571094e-03 8.130181511343793910e-02 -1.098536709224544189e-01 -1.814085770189907965e-01 1.142208219457408330e-01 -2.964263925691954515e-01 -1.818965761423502192e-01 -4.765948516093354570e-01 -6.232046097035109228e-02 -2.009904520078017176e-01 3.618683330029805884e-02 -5.042859545176088254e-01
9.945544489823608669e-02 -8.815035035278574738e-02 -3.556918394060913369e-01 6.118267189304777559e-02 1.751490212347312780e-01 -3.389725407738607421e-01 -1.632876113192827938e-01 5.613086721617784047e-02 -1.035324805792692537e-01 -3.058840148515374335e-01 -2.071917309108545768e-01 -2.666127995649822391e-01 -2.328615661022216954e-01 5.257577931896129965e-03 3.938451795346020745e-01 -4.990231107749497075e-01
-9.599436226128331417e-02 -4.969232402916635462e-03 -2.729007638828139792e-01 3.282532063504628450e-01 -6.338425459914120985e-02 1.866795517763041312e-01 2.288410202312909092e-01 1.656199274191981763e-01 3.030623449701489447e-01 5.193174816771332220e-02 -2.972352830408908630e-01 -3.797726913453181030e-01 3.108683451957947041e-01 7.068800640894182252e-02 4.608011258039511060e-01 -2.208551589508538637e-01
2.112286041140756798e-01 -8.543217230785414562e-02 9.763808704981928599e-02 6.631422340169211838e-01 1.781302486789721751e-01 -1.644906692419704219e-01 -8.801662606097801489e-02 -1.496699134338776715e-01 3.562121444860242847e-01 -7.601882526911718507e-02 -2.076138340256820924e-01 -1.830173202428620471e-01 -1.424210854809260240e-02 2.085533626157816400e-01 -2.278908352408076932e-01 -3.239769346468420741e-01
3.088583990402153368e-01 1.220951660944878253e-01 8.230201791019189916e-02 2.144313623150771453e-01 -3.132939211200037877e-03 1.217012287456158658e-02 -2.783909770079986412e-01 -6.189609601136819572e-02 1.863592271872694384e-01 -5.164991017485236202e-02 2.732337310355779647e-01 1.218762002758477098e-01 -3.092957029235648414e-01 -7.695418646882985769e-02 2.642074839394615779e-02 -7.254394868812423791e-01
2.391902280487076260e-01 -3.709630732281649634e-01 5.333604098991999963e-03 1.659290259771254994e-01 5.443204525850219022e-02 5.611385485586987132e-01 -1.455595126181928878e-01 -1.917139517871136734e-01 -4.281508518134860553e-02 -4.213662391730439438e-01 3.547084148119293845e-01 1.099016019399047875e-02 1.499213896344529506e-01 -1.972373208819474810e-01 -9.800227468754338367e-02 1.597732862643404805e-01
-1.094127363433004471e-02 -3.116652672187181228e-01 -3.689659619996314976e-01 3.758503870688773008e-02 2.607783191619883478e-02 4.280548335946763316e-01 -2.510181443126752732e-01 -1.868429620491824372e-01 1.747937634880498969e-01 -4.870609744410982211e-02 -4.465478759870566278e-02 -2.851664831428890601e-01 3.252896129575676837e-02 -3.435041325976183058e-01 4.638411051331681884e-02 -4.959045405925116001e-01
3.399194808984584149e-01 -7.824719592095048804e-02 -1.774363487634699477e-01 3.706680430587339092e-01 5.726025993114207679e-01 4.983484655237389871e-02 -2.257243888861690251e-01 -1.826256086394801026e-01 6.194400928256000444e-02 -5.683757613949516618e-02 -3.959430921863120456e-02 -3.603340484600275895e-01 -1.193052032015503028e-01 -1.094671824234255547e-01 1.064266496982355648e-01 -3.446352739295210910e-01
2.600641737910611151e-01 -2.186654884804724863e-01 -4.326236599670369998e-01 4.430955665202863658e-01 7.696620166679596364e-02 8.013678208827250404e-02 -5.977487372690729051e-03 -2.756799348129485572e-01 -7.255356561848056059e-03 -5.036702211711475696e-01 -2.917103731925906329e-01 5.238388839123739316e-02 1.482822204530167276e-01 1.689169792171489881e-01 -7.836507285680570714e-03 -1.432373605843852427e-01
2.879676001802687901e-01 -4.313748803464841353e-01 -2.370734305630300409e-01 2.338881189453264065e-01 2.988961690269639759e-01 -3.181024638065874099e-01 -1.727549268026745966e-01 -3.225304662112208343e-01 9.621608688206713389e-02 -1.970828511973815866e-01 -1.723812431986717075e-01 -2.403425454734317568e-01 1.839570520640016749e-01 -9.989304486874467370e-02 7.236940838204124204e-02 -3.332408738627005707e-01
2.085973887422620521e-01 -5.441689935187368071e-02 -3.079608360586177929e-01 2.456974286495912374e-01 6.239688377029158073e-02 1.259285677112225443e-01 3.927976174230007195e-02 4.546955348052614254e-02 3.022514263010985247e-01 -1.799526040067392085e-01 -2.524163520364619551e-01 -2.538915313400246787e-01 2.932185622236311850e-01 -1.562469862444333668e-01 -2.720215312321814238e-01 -5.819427153846892242e-01
1.130144072042098269e-01 1.419686515459344656e-01 -4.460333872968536562e-01 -3.861089847073297804e-02 1.966881340308734571e-01 2.495174737460441328e-01 -2.579360218319443065e-01 -4.806984108058335869e-01 8.563780775052008687e-02 -2.985445413714595264e-01 -1.925161451474925040e-02 -3.594472373385612651e-01 7.277375800091151481e-02 -2.261863363892711032e-01 1.108773880122108924e-01 -2.707456817927949011e-01
9.421685723226551346e-02 1.873323524956938685e-02 -4.030174248210058319e-01 3.939276053513605658e-01 3.114003113356526575e-01 -2.000503427339050677e-01 3.296357320907067345e-02 -5.575890028466976012e-02 3.202845846756732784e-01 1.285080318015656142e-01 -5.116407524292123643e-01 -7.416482073267022246e-02 2.804009630014016319e-02 -2.025618904327985137e-01 -2.476616737713790428e-01 -2.060514993517288951e-01
3.971350098617416613e-01 -1.070246293302831858e-01 -1.666277269765745750e-01 2.441696640220751280e-01 2.634476232602220858e-01 2.245630735555892710e-01 -3.410054955638232577e-01 -5.810326820807837703e-03 2.291719202858603088e-01 -2.949070101478240558e-01 -3.366688520560307679e-02 -3.691972405635157162e-01 1.603782350158032555e-01 -2.128825811934391687e-01 -3.313127780798866013e-03 -3.991403670202430254e-01
-2.088932630492239262e-01 -3.429527175824211294e-01 -4.004178171795723662e-01 2.144092341287676395e-01 3.914006433799260276e-01 1.985984448825582060e-01 -1.020941571794653363e-01 -2.582486979272100025e-01 -8.783067105048124323e-02 -1.212806009225392140e-01 2.492131401930572365e-01 2.534952831424056585e-01 1.625407740094801379e-01 -6.373133355295931834e-02 2.489270887738526949e-01 -3.485021333170840174e-01
5.068374956917020002e-01 -3.464797115571048303e-01 -3.786927880840761929e-01 -9.906670530959410526e-02 3.511880992605843632e-01 1.808019839227805181e-01 7.849275584126233496e-02 -2.244386515410634886e-01 1.804020488535788835e-01 -4.449359195940393724e-02 3.744761147140458074e-02 -2.561984529705467750e-01 1.399053449343135025e-01 -1.134591400677444073e-01 2.712950789267876139e-01 -2.228829544699441889e-01
4.904335826813195909e-01 4.584892951379606479e-02 -2.440982369968112409e-01 -1.323461742584493284e-01 3.344039662430315918e-01 1.265299272810766207e-01 -4.130849829315385580e-01 1.074030077492240803e-01 -1.843765511726593864e-01 -1.972364990767760395e-01 9.091305497908266919e-02 -2.088251028163926604e-01 -1.392610587397220545e-01 -6.289322401630928483e-02 -1.842700849965390672e-02 -4.709607861468253498e-01
-4.327089333336373717e-02 2.863284054906707898e-01 -3.359747793492846579e-01 -4.558802604791774987e-02 1.877793324301781364e-01 2.482012427401168730e-01 -1.073911650219045305e-01 -3.277113852251242743e-01 1.854228732564783544e-01 1.665946177667886607e-01 -1.120096057145004015e-01 -5.976864319061767628e-01 -9.380445012948709915e-02 -5.591976719469403390e-02 -1.422963542958915195e-01 -3.482938783258357485e-01
-5.458727268667815796e-02 -3.952919212551579686e-02 -1.150865738835924884e-01 8.032860347514293731e-02 -5.726195093322127699e-02 2.342737087450261213e-01 -1.679994437137649066e-01 -1.546981185837107142e-01 9.750556525459574964e-02 -3.835128577445048315e-01 -3.656894401000330141e-01 -2.283310368440006344e-01 -5.938190787779078494e-01 -2.682485092077076527e-01 -1.959276200469176610e-01 -2.449946456205620571e-01
2.118436635459665651e-01 9.623613357894165998e-02 -2.271466165808241067e-01 5.911562198949467384e-02 3.693580818396317578e-01 1.220277225361054985e-01 -2.916926763338006379e-01 -5.958840581765278976e-02 -6.223688819166915687e-02 -2.305344099159464533e-01 -1.680766447720750678e-01 -2.907393660148891446e-01 7.094236478536380952e-02 8.592059637443523468e-02 -8.040804043263109768e-02 -6.798086278910154823e-01
-9.555350623434098745e-02 -3.149668103391654178e-02 -1.504383483877602679e-01 3.788070759231089157e-01 4.070423214319653371e-01 1.344169062983018859e-01 -1.159950155763237872e-01 -3.420351641946243748e-01 3.457324269055528365e-02 5.457070191601264275e-01 -1.009898245798989125e-01 -1.994403292735066613e-01 -1.122341579854902044e-01 1.072308828817517545e-01 5.507361920736728728e-02 -3.653242591182644938e-01
-3.068872078091383279e-02 -4.297300936512638003e-01 -2.951444861061899849e-01 -1.300925456217138232e-01 2.962990385476357846e-01 1.469086101427487523e-01 -1.043587954896874337e-01 3.970056420152748983e-02 3.239473225653097255e-01 -3.674965027664187645e-01 8.246282466635507236e-02 -9.182998879096258837e-03 -8.450867820501752059e-02 -2.244549818677936959e-01 3.775611579063095635e-01 -3.762440459991947539e-01
3.194756420831035282e-01 -1.726523268037747916e-01 1.587771573054861177e-02 -1.418308091818146766e-01 2.652930024661297459e-01 1.334525236904263445e-01 3.717566552379127365e-01 -2.566162101593943978e-01 4.038336588938151728e-01 -1.298123633405642574e-01 -1.188880605281049940e-01 7.346655273535565578e-02 1.122730402429052698e-01 -2.201465058823943999e-02 -2.500361848629923389e-01 -5.295668148802625819e-01
4.186736651288392452e-01 -1.618669006561552215e-01 -1.399080206375357405e-01 2.877874060068095208e-01 3.585845913625612114e-01 -4.953034880810502916e-02 3.577063433252013480e-01 -1.278452191001379357e-01 -7.803977974929063310e-02 2.995087253893410351e-01 -4.198696665830927710e-01 3.138715347361520358e-02 -1.350544532514081908e-01 5.858942043577437808e-02 -2.560847224733924232e-01 -2.458821787877409626e-01
3.788611885617585440e-01 -1.380236649633673207e-01 -1.633702136138039107e-02 7.561564047056340554e-01 5.249978538241927006e-02 -2.297834604807357517e-01 8.653059949437752474e-02 -1.813072063852073923e-01 1.318156424418310824e-01 5.189620667629724071e-02 -4.590361614475532703e-02 -1.196106491433243380e-01 -1.154885863145876934e-01 1.266132516815589026e-01 -1.808965209979642996e-01 -2.662390609070943714e-01
2.798947936504436185e-01 -5.294082295991364706e-01 1.914144342225704842e-01 -6.406373579150796693e-02 -6.949527371785339802e-02 -2.671681352821347194e-02 -3.690135042200092252e-01 -1.519712943665971032e-02 -3.751666672744327635e-02 9.494920708280650545e-02 9.251138170027871366e-02 1.568095079730413496e-02 2.103253382193304710e-01 -5.304899946037195946e-01 -3.292774421186467904e-01 -7.341502900485401273e-02
1.370602996870734780e-01 2.500383809986389538e-01 -1.600529103534420461e-01 2.071126836584797348e-01 3.195114164493046416e-01 2.956456045447084513e-01 -1.850538645132724924e-01 -1.939248511852370224e-02 5.082593647585820218e-02 -1.835083130126977102e-01 -4.963933751575862474e-01 -3.900184001032198922e-02 4.091183054010530395e-02 -2.246757541014090809e-01 2.036891504861262636e-01 -4.982363584496264375e-01
2.124157568700628385e-01 -1.707112284036824967e-01 -3.069126632601526516e-01 5.887830767184452085e-01 1.905242598462189574e-02 -4.906885478659699269e-03 4.691570949236252286e-01 -2.368612891355458550e-01 2.479801843084194490e-01 -5.659772716181207808e-02 -2.173034351651315366e-01 1.650121793342287368e-01 1.955493438513810633e-01 1.526400965258812026e-01 -8.040768950384974412e-02 3.356169973966310893e-02
-3.194851517346875697e-02 -1.675059143839452147e-01 1.223105204104435600e-01 3.405859681497316882e-01 -8.139046302075603201e-02 1.319437389980217812e-01 -5.675266580850105713e-01 -2.192919420171397515e-01 3.458668919954894228e-01 -2.643616425591869268e-01 -3.437518463326842966e-01 -2.295557195645831772e-01 1.911708111464172077e-01 8.787805514255485340e-02 -1.743208558192529956e-01 -1.035598235708114351e-01
1.824285218916962270e-01 4.654653829157481826e-02 -4.694672669675536425e-01 3.283694132178892611e-01 -6.188631837839355179e-03 3.853545065297960259e-01 -1.009846633782010561e-01 -3.631259810018329093e-01 -6.255447358543643477e-02 -2.068427842566214481e-01 -2.359740988307780854e-02 -7.509202527309336364e-03 -1.929728163537982807e-02 -2.600169710437708059e-01 1.834921319117943095e-01 -4.435895563200754621e-01
-1.079407701540527481e-01 -3.903341976290448240e-02 -3.315715010695029497e-01 1.171587591620891211e-01 1.886841721519819104e-01 -2.259494217312058573e-01 2.561748959205485399e-01 -1.192048683768111711e-01 -2.181460192825309674e-01 -9.797250975784897731e-02 1.438938652907032767e-01 -1.598416338043275736e-02 3.896398015745419774e-02 -4.564001805569960490e-01 -3.340812881433104509e-01 -5.450616948293990349e-01
-4.468450907199002925e-02 -8.783205962190133997e-02 -2.801828918906947852e-01 4.269755215801928627e-01 3.367880387224954641e-01 -1.350701972094904557e-01 -1.873623687997863843e-02 -5.092433412426617539e-02 1.236301314982341387e-01 3.221138328621427349e-01 -4.783375894904752790e-01 -2.059003592923278059e-01 8.402705102877612575e-02 1.249640389623020015e-01 -1.913483995647518032e-01 -3.812210577466122463e-01
1.670808901854972661e-01 1.359419024409479482e-01 -1.904260716944913001e-01 2.060956982985122192e-03 1.371173225805355222e-01 -9.859157666466958347e-02 -1.517318706360331892e-01 -2.874421785619792336e-01 3.384128481200091021e-01 -1.450776149274028703e-01 -3.032808568137013161e-01 -6.109986398170225153e-02 -3.440637894721694234e-01 5.529205265681592235e-02 -2.007594826464337845e-01 -6.246164418644910565e-01
-2.397522824024571342e-01 5.890231513656935675e-02 1.014355363425764184e-01 6.629082882738944749e-01 4.203067271071127542e-01 -1.734057501407541557e-01 -6.967496491777956658e-02 -7.854225695267549531e-03 1.551137650337606755e-01 -1.948367906476972666e-01 -4.237719538623259743e-03 -1.193206002076645971e-03 -3.408676778381006800e-01 1.825663376656762871e-01 -9.207830790250694231e-02 -2.400593920225090883e-01
1.427568690388552886e-01 -1.638386179830596256e-01 -1.608928692283107809e-01 3.488100420677041069e-01 3.334253171682996508e-01 4.910224518269293292e-01 1.997775365742325837e-01 -4.064408964052958900e-02 -3.772614125357873216e-02 -4.775878738413679159e-01 -1.409984184849102651e-01 -9.141021351959405239e-02 -1.698140674123219673e-01 -2.451105557750148101e-01 -5.972312113038849568e-02 -2.472877937715296237e-01
1.783161128633495573e-01 -1.261038829330285438e-01 -1.631721655028944007e-01 5.079320884021452098e-01 1.929924006108252599e-01 2.086921683936492355e-01 -8.885084109422104748e-02 -4.652522298694918845e-01 1.385194982015673093e-01 -5.905589573146138860e-02 -2.251997799111029874e-01 -5.804962598409624253e-02 9.741021357024158556e-02 7.219410749927319959e-02 -4.801509878072565685e-01 -2.013026459481570274e-01
2.806061407669428465e-01 5.221891194635642774e-01 1.696328774357845626e-01 2.440191559678571154e-01 7.745642607067640406e-02 8.373526945667865429e-02 -3.340921705003078723e-01 -2.557619027827530700e-01 -7.983579332436262221e-02 1.425443988649614108e-02 -3.761697923150266604e-02 1.343458861509036137e-02 -4.683824500343054531e-01 -4.687058607795029086e-02 -1.154440054986730774e-01 -3.565620213947075512e-01
1.325611093425207165e-01 -1.496740350148922059e-02 -5.947858888254341503e-01 5.556124692185319125e-01 2.718708687427883186e-01 1.084672658936978616e-03 -2.075665112099329968e-01 -2.267385037943537018e-01 2.119046697068252827e-01 4.058527710689455864e-02 -3.547593095611046438e-02 -1.841069754693157035e-01 -1.159528510714399469e-01 -6.798221683157488170e-03 -4.253030456372115797e-02 -2.330539165296980908e-01
1.909604510197314420e-01 -1.353067452713554442e-01 -1.820814796582015671e-01 4.126974015611958868e-01 4.172564309191800214e-01 -1.710453056376846914e-01 2.053003045722434916e-01 -2.968864313840278157e-01 9.396910116818450731e-02 -1.726792507580836022e-01 -1.108231540926796904e-01 -2.671613516136228661e-01 -1.557759688034999479e-01 3.217586262028476751e-01 6.784961142960865832e-02 -3.916638555693785495e-01
-3.380895467216781802e-01 -2.844198444527415437e-01 -2.576476001621844092e-01 -1.114303788585500332e-01 3.576160301918354656e-01 -2.662034694773457444e-01 3.256651300969664597e-01 -3.753423734834059333e-01 -1.935592199832278093e-01 -4.889024402122214147e-02 -1.729758478606405747e-01 3.443745761462838062e-02 -2.654647243049611527e-01 -3.202044650396536629e-01 1.380754466017711790e-01 -1.314509433400372629e-01
7.560134528832336553e-02 1.507890677913044930e-01 -4.027579869666663148e-01 2.344568785014337908e-01 2.936070238055582537e-01 1.062553453753944527e-01 -6.205273291575240380e-02 -2.095868875434781786e-01 3.689525612513321895e-01 1.781212226718358327e-01 1.009374644628508455e-01 1.658190460541933697e-01 -4.823087120973975628e-01 -1.081134017305546008e-01 -2.165798898275929918e-01 -3.351656925742770299e-01
-8.923530613280590551e-02 -2.327352544712673055e-01 5.689415676735526395e-02 1.233416310786390746e-01 -3.516367108643809192e-01 -3.189022918626536196e-01 -5.026798338382567621e-01 -3.470362240461333236e-01 4.862870296492306788e-02 6.201200528865555978e-03 4.135452441003879820e-02 2.007189823107259352e-01 3.748981145666635539e-01 -1.531839768448310379e-01 -1.001750648653997183e-01 -3.201602274268851578e-01
-7.356687500508846123e-02 -1.980295689735932785e-01 -2.018013838845110486e-01 4.612504441462259019e-01 5.737709274161510026e-02 -5.712060107412405552e-01 -2.918904488936903130e-01 -1.379309540727365335e-01 1.486506676146382155e-01 2.796127080833980538e-01 1.469918915657168583e-02 2.438003173475631613e-01 3.162889782231434466e-01 -8.530374930607707851e-02 1.566202949154125307e-02 -2.464384837228269717e-02
-1.878246279947232700e-01 -1.012361254407481148e-01 -3.947065258397804838e-02 2.652002919697548089e-01 -1.018042741095739612e-01 -3.981029622219130482e-01 -6.558504242602520851e-01 -2.778724917672930617e-01 6.718928756436677585e-02 -3.749629357121096046e-02 1.016027515826872368e-01 2.097034242894924294e-01 1.337443669070012553e-01 -9.910748784775579023e-02 -1.897453315018695630e-01 -2.871391491445998700e-01
-7.474510403614222087e-02 -3.378120544245797330e-01 1.091183517295164253e-02 4.178341478975674539e-01 -1.608675088863990854e-01 -4.451136340150311232e-01 -3.966935221078462526e-01 1.605454543398342759e-01 -6.299342737961412253e-02 2.374717316560659708e-01 -1.496752102726995048e-01 -1.841257886528445131e-01 2.120289385050415365e-01 -2.032463679402344292e-01 -1.523545001832583290e-01 -2.688929630959427386e-01
-4.902641253476881095e-02 -1.614171027667918867e-01 -1.613324514176978086e-01 1.380588087950252452e-01 -1.861755641884357826e-01 -4.246142271954511660e-01 -3.686611321659439278e-01 -1.627812950340103704e-01 3.567516513604314654e-01 -3.114087339400389842e-01 -3.082766687578665787e-01 -8.157639922959097900e-02 1.733466738738757285e-01 -4.771758101499465332e-02 -3.813540265100845428e-01 -2.130537210910533608e-01
-1.464209042969281116e-01 -3.039034212898490406e-01 5.590822194268958711e-02 3.948978927327552180e-01 4.941697692490644445e-02 -2.037590065237631920e-01 -3.527404379307023108e-01 1.148771676179787260e-01 -9.109375765046438811e-02 1.819926842710329340e-01 3.228824142748445425e-01 1.117596818931485686e-01 3.047302585494882643e-01 -2.013505700241438254e-02 -4.144324070762333001e-01 -3.498118680393980107e-01
-1.909493075666605644e-01 -5.090987920695946162e-02 -7.121581646397512344e-02 3.679251704090180097e-01 -9.769902857100795646e-02 -1.804056741748351900e-01 -6.578782685475879077e-01 3.016237536454604018e-01 2.132013949735993563e-01 3.307790682123952775e-01 3.351839222012972103e-02 5.045396736545444683e-02 -1.611964564464564431e-01 -1.716799358677197351e-01 -1.967004494722099373e-01 -4.411159888477168833e-02
1.576314614772585665e-01 -4.762051892180906194e-03 -3.993069347395014623e-02 1.749287362338686758e-01 1.631448657079615228e-01 -3.828833793562498866e-01 -3.459751936395858984e-01 1.556289741858262465e-01 3.745951426357866931e-01 -1.599729463819719588e-01 2.554710923057789684e-01 7.894754559156771934e-02 4.775082932778253464e-01 -1.140891740660641002e-01 -1.272244812862259877e-01 -3.621772269378567000e-01
9.509086719345651029e-02 -2.093579303621939391e-01 4.499988281778555255e-02 2.153090574942547186e-01 7.968764031707734063e-02 -3.473172897091592604e-01 -4.559118837498065679e-01 2.145530899826686710e-01 1.251550902625725437e-01 6.349011480474252289e-02 4.370034768475093701e-02 -4.718965717510474889e-01 2.049621133793637640e-01 -2.282829731426746223e-01 -4.205590624488984575e-01 5.091675060474611103e-02
-1.476695183070007578e-01 -1.591351596476825447e-01 3.468769474578944356e-01 2.621615779729134510e-01 -3.300586474632070250e-02 -2.773780911610916888e-01 -5.197393080153539513e-01 -1.414395746843032931e-01 2.136303164789796205e-01 2.678580751138259219e-01 2.817752668060593754e-02 -2.192344478724746470e-01 -1.360237660769418773e-02 8.048983066832018918e-02 -2.157381643797876836e-01 -4.197679606761579585e-01
1.091773063514573511e-01 -1.373634603035047697e-01 8.490438285928476533e-03 4.535878002059258729e-01 -1.104292541180221798e-01 -2.470434655641671196e-01 -4.600558624093493698e-01 1.345644360381744453e-01 -2.696082957691546822e-01 1.977071386660804730e-01 2.238430784527374595e-01 -1.075773928065808793e-01 4.466088039995174119e-01 -2.424165918874033807e-02 -1.404827744506099430e-01 -2.591827167811752708e-01
-1.264004721923589480e-01 1.341961161291273415e-02 -2.100362969143819980e-01 4.356550205154623989e-01 -1.933261405571359282e-01 -3.080306101543355823e-01 -4.630064028214218586e-01 -2.696291997990679645e-01 -6.456749979813415641e-02 7.740089649749098619e-03 -1.028792734658047353e-01 -1.021290746951262624e-01 2.794174725116159164e-01 -5.922512683924466975e-02 -3.708778211941116676e-01 -2.936394765808679752e-01
-1.644826511233974109e-01 -1.361885206432969508e-01 6.627690389701448304e-01 -6.258176350374726471e-02 1.579975027144240804e-02 -4.373319966695747851e-01 -4.363694589833086446e-02 -1.182774257625650582e-01 -1.836117959318142312e-01 2.029612929612413796e-01 -1.725697512889449170e-01 1.003045298339026586e-01 2.022475951857196919e-01 -2.022160404524553923e-01 -3.262170014563170461e-01 2.924694252414694606e-02
-1.061237670574018827e-01 -2.206654686351308681e-01 2.748373028680621832e-01 4.999412542600763509e-01 -5.718367779455157257e-02 -2.937994153265517938e-01 -1.198817342611480097e-01 3.018088759764528048e-02 4.350827008562626053e-01 -1.810172946150446771e-01 -3.224548416883136204e-01 -6.217505634790974206e-02 1.350233477106058677e-01 -2.875346862047515328e-01 -2.001862703751187966e-01 -1.969974301403518147e-01
-1.026487500295306110e-01 -2.939469369192885817e-01 1.523646332486307264e-01 2.957894610437909466e-01 -1.312670201543645332e-01 -3.271703901137305581e-01 -3.492072573583914208e-01 6.836413559462041489e-02 -1.833065818297530680e-01 7.276078362390406284e-02 1.214880431270887740e-01 3.180516654208939697e-01 5.483616613543992324e-01 -7.848680676873048823e-02 2.016976198925540531e-01 -1.977547113544304291e-01
1.276661978097771155e-01 -1.220474353950863206e-01 -4.088345980535233043e-03 3.966968332628084126e-01 -2.184103964193552239e-01 -3.543296630155346461e-01 -3.956336857030187115e-01 -8.434021805655840531e-02 -1.038334021250376799e-01 -1.831356463801754320e-01 -3.300180367570687001e-01 1.182824439697240798e-01 5.357363434057939022e-01 1.569018266834408537e-02 -1.307593256883451127e-01 5.429992738763256277e-02
9.005357403155389573e-02 -4.207574851808811855e-01 1.386979280527953773e-01 4.850435868513924276e-01 1.076746589891169892e-01 -2.955962931764040125e-01 -2.849216963490443510e-01 1.460040586748748426e-01 3.423706908615333777e-01 2.026668152799951106e-01 3.699063422515202777e-03 8.469079938412080177e-02 2.551093518919662628e-01 -4.068879167489404536e-02 -7.933723569360012773e-02 -3.469467371847245185e-01
-3.146851638600416945e-01 -1.153572774328120304e-01 1.796321885711342770e-01 3.273717307803588605e-01 -1.860635766186320150e-01 -2.690411235517279898e-01 -3.297983158065549980e-01 3.696735130512433520e-01 3.488852649515412907e-02 9.051077110688565686e-02 -3.737334993735941246e-01 -1.771596537658760573e-01 3.118411411448353543e-01 -2.863159457400036301e-01 -1.182808960956554661e-01 -1.487077264891175088e-01
-1.480722794741515073e-02 -2.251088353998675073e-01 8.450510890672389974e-02 2.814909533523861085e-01 -1.236188091922690718e-01 -4.528878001783880752e-02 -6.515354473778817157e-01 1.630646359278092039e-01 2.807455063783961813e-01 5.320983761738729001e-03 -3.456520191261333586e-02 1.051692653533390781e-01 1.240177234762721709e-01 -1.962993706346958522e-01 -4.587227521721192747e-01 -1.971426080958103566e-01
4.991888775206789197e-01 -2.991362663560047097e-01 2.464727467970094857e-02 3.745792119602845416e-01 -1.716876747200457576e-01 -2.471720942475332528e-01 -5.499255613888196642e-02 6.922002175537909918e-02 1.957074001897882720e-01 3.010139967653793769e-01 1.810391986865237390e-01 -1.860532526077793292e-01 4.159799762949795698e-01 -1.474962976803705916e-01 4.543373665214013590e-02 -1.698942321612118000e-01
-1.979155496647557466e-01 -2.147564259883257554e-01 -1.873153739066982792e-01 3.117053551889572005e-01 -2.603309721098737706e-01 -2.933755213265052952e-01 -4.011934819952196474e-01 -1.366356140297704004e-02 -2.292552224826381949e-02 1.301983163814167122e-01 2.778758901506633294e-01 1.229665045768588982e-01 9.217555509312626294e-02 -9.765939639370992131e-02 -5.769198329294705774e-01 -8.242805021073132399e-02
-9.545337863988903951e-03 -1.733508909603763137e-01 1.248878383964902444e-01 1.388423737785169920e-01 -3.501605313650306139e-01 -2.001065254735828469e-01 -6.506603146903785495e-01 -3.308927770817416958e-01 9.408594485068623448e-02 -9.495215909673088150e-02 -2.471938387083502942e-01 -9.909046497504141182e-02 2.376570156268096035e-01 1.601941298881732478e-01 -1.891564439480776863e-02 -2.611276972702174515e-01
-1.608755828299332502e-02 -3.615009150857247944e-01 9.760412160151456240e-02 2.982470506838814650e-01 -5.499065455238657529e-01 -2.062158386380758268e-01 -3.076685645686266790e-01 1.334915308366345643e-01 4.667863356227804766e-02 1.625096287462842459e-01 2.272914169802446316e-01 -2.937054996180820110e-01 1.947185767527270794e-01 1.343118767445665093e-02 -2.551076790678049044e-01 -2.085427147176492080e-01
-2.529265623912127503e-01 -3.879683333244912657e-01 -4.052410480150846900e-02 4.590217444147136616e-01 -1.648388296419629473e-01 -3.033751468009314722e-01 -1.955467165724042167e-01 -1.933680678294565081e-01 1.562635272848752477e-01 8.798561045125863345e-02 1.749117472197808942e-01 2.633168443064174899e-02 2.502721553086613704e-01 -1.102782908012198415e-01 -4.584866457703209441e-01 -1.728375594750803657e-01
-2.312624283165670425e-01 -2.298371646261696266e-01 2.925803133536808986e-01 4.170281800103575187e-01 -1.499139186115885092e-01 1.286300582045095675e-01 -3.892968395546034799e-01 -2.132021843558119523e-01 2.305274196841765877e-01 4.967410096969115951e-02 8.416917332295831278e-02 9.827750381120314849e-02 3.511589263378675496e-01 1.180480992689046660e-01 -4.152122145745958948e-01 1.270720083497551001e-01
-3.770494645953649526e-02 -2.077280875336345034e-01 8.627673687059794760e-02 1.630167379355899893e-01 1.159971961541517438e-01 -4.034755176849413316e-01 -6.303047199967948266e-01 -3.314097805286479043e-02 1.531398219937014742e-02 1.580589959461314864e-01 -1.304992164898978804e-02 1.238876727347558021e-01 4.901792604504487949e-01 -7.300969539014272314e-02 4.068440349514376719e-02 2.424501500951521393e-01
-1.799004233717954038e-01 5.054814206890387296e-02 -4.418354184368517568e-01 3.103834248762870063e-01 -1.852543499761061252e-01 -3.835342035094734675e-02 3.329811047398519297e-01 3.741706612919733221e-02 4.971672527157703914e-01 1.979762126198398309e-01 -4.938100317820606072e-02 -1.980369637040211572e-01 3.299087007790358905e-01 -2.573863011053699190e-01 -1.116374666155879047e-01 -9.939990135133666693e-02
3.753518400724391579e-01 -2.422806404704546113e-01 -3.647773095648736974e-01 3.675978222466806389e-01 6.313878861325083721e-04 -1.927095420214179899e-01 -4.190175616345527265e-01 -3.608434726905123680e-01 -4.127008727451692005e-02 -7.532087211345346589e-02 9.300602684389893543e-03 -2.887081061707881813e-01 4.564413860861689376e-02 1.303596990751075269e-01 -2.361634435479777194e-01 1.537329232011827584e-01
-2.843157221753377928e-01 -3.547928524115700477e-01 -6.436071245397344265e-02 5.078928426797231221e-01 5.081987990340208067e-02 -2.096353108741609850e-01 -3.744816991951290808e-01 -9.809318664019944095e-03 1.933575856400943926e-01 2.676332405577667162e-01 -5.894356894812836228e-02 -2.327039806933869914e-01 8.763367632392035644e-02 -2.682770802185627246e-01 -2.869185580324977169e-01 -1.253477772370930887e-01
7.679296358069810646e-02 -3.657634079211147804e-01 1.388248180419751343e-01 5.699686434796926715e-01 1.567253761293057046e-01 -3.219783691466769904e-01 -2.512587000727641295e-01 7.498740383831573042e-02 1.557256161872187794e-01 4.079502133716664258e-01 2.190487964342457683e-01 -1.731694813368843122e-01 1.621732189548746317e-01 3.415940247271281871e-02 -1.389962418729647209e-01 -6.136420053357399124e-02
-9.727865449448055632e-03 7.650487701625797998e-02 1.044943911610484860e-01 4.478560175127074827e-01 -3.216450837359346449e-01 6.688833474656054410e-04 -5.360264378636930838e-01 5.504156377237065523e-02 1.880682483489243828e-01 2.114108690733938478e-01 -3.926778440089542799e-01 6.351660704071813990e-02 -5.414571226197958942e-02 -3.212687761863645131e-01 -2.095087727422222379e-01 -2.036119797083765781e-02
-2.370601158620748092e-02 -7.009294918762392079e-01 -3.843039238586751921e-02 2.110872107787841734e-01 -1.536608441292599825e-01 -7.752476406108432805e-02 -3.027610116567550635e-01 -6.840697146446220178e-02 8.629829069693430166e-02 -4.420300050002514552e-02 -1.255322815857225216e-01 -1.018453706563021005e-01 4.409482879481338435e-01 -1.417253820626033500e-01 -1.591093288442185505e-01 -2.465081951351608680e-01
-1.309119421922342319e-01 -2.844705716990005295e-01 -2.233449194545881478e-01 4.617120832357046178e-01 -2.105413443872615475e-01 -2.294431998760288749e-01 -3.674155023936090392e-01 -3.226302555157627844e-02 2.563195036819686523e-01 -1.349782252241290004e-01 5.792949221801175358e-02 -6.017313204854396469e-02 1.236446940987843274e-01 9.577180040153410179e-02 -4.544499457508304752e-01 -2.898106623790314695e-01
-3.044988019806654789e-01 -4.719453932633003723e-01 -9.706862617214152833e-02 4.835810494430126671e-01 9.920906241175626861e-02 -3.463113707028181998e-01 -2.846118172524109147e-01 -2.176790652889072919e-01 1.423662650006589647e-01 2.932350160454142429e-01 1.191070540303263703e-01 -1.908787954556058486e-01 -7.042959120046347887e-02 -6.029096459770784400e-02 2.482075549366442521e-02 -1.304817217975691168e-01
-2.281088942047045098e-01 -4.465161510388749450e-02 -2.971861017167040653e-01 -1.250369658835972543e-02 -2.486545966184690870e-01 1.152770419325961498e-01 -3.080784265715284520e-01 -1.988502685171449347e-01 3.470697783260234814e-01 4.000135917052846657e-02 1.233964540537993565e-01 7.053629650345731583e-02 1.963221240689491665e-01 -2.458992201502075703e-01 -5.137425860122443178e-01 -3.777898249487562921e-01
-2.426694949169420912e-02 -3.643468135545394060e-02 9.331352492837689805e-02 1.417926421242041990e-01 3.381305403967840295e-01 4.421382809125684599e-02 -4.492109637051750481e-01 -4.265291497134040405e-02 1.923135970620791502e-01 -8.746025350709066282e-02 -9.894666976283336690e-02 -1.169463762220015468e-01 7.437767976688789417e-01 -1.341387471336127069e-01 -1.940140315589676881e-02 -9.848816804634429045e-02
-1.980391297602293321e-01 -1.998672160437413303e-01 1.431264813583962500e-02 2.697803987149944849e-01 -2.257314341502119071e-01 -2.217240534564716148e-01 -5.088022041168355214e-01 -3.467320789467559505e-01 1.610819197421419491e-01 2.213735034325141071e-01 8.652347009696656575e-04 2.236998308423187865e-01 2.756472856868852350e-01 -3.821459924919712869e-01 1.300831964218887582e-01 -6.851007489675428608e-02
-1.475157167693046112e-01 -3.006492846967514510e-01 -1.905593746533386368e-02 5.776782043268262612e-01 -9.991957357870502598e-02 -2.068555932832440714e-01 -5.589407119578921890e-01 1.075124337163332472e-01 1.047969729888080098e-01 1.605611989123504821e-02 -1.144464159348102250e-01 1.566505308859875711e-01 1.089295742932235994e-01 -7.848956033690106943e-03 2.903808494049111011e-01 -1.786091050806200842e-01
-1.565540398565579971e-01 -2.989772914874894716e-01 3.023287811387067037e-01 2.147907596173703193e-01 6.846945351645211328e-03 -4.708251266409311242e-01 -3.915542816030513906e-01 1.048519055330166955e-01 1.634906853248823677e-01 1.132670699299107853e-01 -2.825027254121265097e-01 -2.012942927749807875e-01 3.884505106225462634e-01 -1.458378501399081595e-01 -1.740973613590177660e-01 -1.325167645257191787e-02
-1.668354462359756540e-01 -1.908839303353641326e-01 -2.280305546484707180e-01 3.891966728099577888e-01 -1.774592047923467530e-01 -5.756870562454054902e-02 -5.440387334513951956e-01 -1.974360074628146444e-01 2.337238562413172516e-01 2.564810646457103549e-01 5.891881445431422504e-02 1.640645499434651433e-01 3.451553510085290655e-01 -6.917828477260869191e-02 -2.871888532398366722e-01 -7.279395363756691051e-02
-2.311404610849824293e-01 -2.289313274936538301e-01 6.125761911891602907e-02 3.302839431809675985e-01 -4.224435480507706120e-01 -3.512706323419591548e-01 -3.587776613296579931e-01 -2.590781270347966569e-01 3.081269251311423707e-01 1.961935136903372456e-01 1.388296280671095506e-01 2.034583675556169147e-01 2.251663824921288359e-01 -1.279867734798442458e-01 -1.492202221343951196e-01 -1.348341420617989520e-02
-1.104800841900695080e-01 -7.880552874128764207e-02 2.051161128348582552e-01 5.503539106532483460e-01 -2.073795783842421192e-01 4.966230909908982832e-02 -5.300867333086655142e-01 -5.979458743871188947e-02 -7.075878222077525148e-02 3.764043196397028890e-01 3.921462714155821844e-02 -2.395325643861780096e-01 1.468440446103633779e-01 -1.938696084972037770e-01 -1.974398480501771136e-01 5.338609656199437559e-02
-6.293207782432086450e-02 -2.735012193417541981e-01 1.372274987553498415e-01 9.417388615773074345e-02 -6.975119428970115616e-03 -4.032609699351446531e-01 -4.391782232624671933e-01 2.180162077432374335e-01 2.549790964255254089e-01 5.138039536250841310e-01 1.992344561036146766e-02 -6.292521561598056479e-02 1.444873846765119541e-01 1.838357485182391393e-01 -2.975154484971873625e-01 -1.179274814508170371e-01
2.388659160964372030e-01 -2.950785271330587656e-01 3.802591396852014194e-01 1.505802140721943516e-01 -1.869959559866088972e-01 -1.197107892463114692e-01 -4.536541309910188668e-01 1.384684491338747658e-01 1.635124665373520469e-01 3.130564769362934596e-01 -2.743411238484466663e-01 5.329760686430916328e-02 1.616399897749433157e-01 -2.045440701359355629e-01 -3.893297984550075225e-02 -3.768297609551389260e-01
-8.718265082826483214e-02 -3.112462857603074950e-01 1.091061211993435143e-01 6.170184764282077294e-01 -2.015338751272016671e-01 -1.950209303313260312e-01 -2.222084753927877354e-01 -1.258865579870019069e-01 2.573728730855602831e-01 2.659278295674236819e-02 -5.526421266838172329e-03 -7.871667670878181033e-02 2.638238577882354718e-01 -2.370755950912063204e-01 -2.304639107427236266e-01 3.270161810033143657e-01
2.194529962623962063e-02 -2.563297830541936828e-01 -5.342927214991161772e-02 1.865548345352535109e-01 -2.014114192603635167e-01 -4.392109370786422828e-01 -4.290828746661441984e-01 3.670256567122636704e-01 -7.119291567328064896e-02 3.184935120618478943e-01 -3.122487343111342573e-01 -1.750082699246745255e-01 1.155156313048854161e-01 -5.962769635631499227e-02 -8.825478147787310657e-02 -2.907599609080234737e-01
8.110502053156304347e-02 -2.952734959172652607e-01 -4.475290578293830146e-01 2.395461352012837331e-01 -1.814828718866821899e-01 2.677896242473152832e-01 -1.865700818538794381e-01 1.493829811888776338e-01 3.537608946464700366e-01 9.834812306411355731e-02 -1.792105130831217474e-01 9.863043123091157216e-02 2.730938523255135864e-03 5.491904504615074956e-02 -5.517412757933579659e-01 5.190813812448848152e-02
-1.579592983991633670e-01 -4.148292270885413358e-02 4.342743653762586031e-02 1.251750519706933129e-01 -4.287414425565487242e-01 -3.284489523827152646e-01 -5.223460955267216210e-01 6.586508927130008129e-02 1.252761146709690798e-01 2.767730622673238439e-01 -2.936306358079482023e-02 2.402670951538402044e-01 1.904536055879992584e-01 -4.173249225724661171e-01 -1.595491601315179031e-01 1.073303817763129192e-02
-2.353779849316235961e-01 -2.327766623288635706e-01 -5.926239537397485352e-02 5.509955966383033310e-01 -1.913661689884199948e-02 -6.234289848177113763e-02 -4.367115715356237882e-01 -3.381860631228553182e-01 9.539402044559286420e-02 1.425072875539463990e-01 -1.104339405575201494e-01 1.330262233552684803e-01 3.186233387367334857e-01 -1.112253744235025266e-01 -2.477628511457692917e-01 -1.984592395983431901e-01
-1.683423248250326063e-02 -3.987571390208833333e-01 1.735979724399717983e-01 5.657217378668003699e-02 -6.279779726256863592e-02 -2.346031250923017453e-01 -5.900564554530591810e-01 -1.514400000770184385e-01 3.333505008133534342e-01 1.485304733856641080e-01 1.192680330550607154e-01 4.717674504747553649e-02 4.861767180588131426e-02 -3.598381215510697562e-01 -2.438214443810306220e-01 -1.906813744262031429e-01
-1.406962636957840573e-01 -3.491467055437442180e-01 -3.050380284385582619e-01 4.625576808467519729e-01 -3.039766370172291010e-01 2.259514196553080376e-02 -5.411470057712096660e-01 -4.261970178907905499e-02 -1.388637472756213964e-01 2.098888479551841435e-01 9.702986201812116573e-02 -6.259272374722536780e-02 -4.348295370224002088e-02 -1.840734432030311230e-01 -1.000215275632239387e-01 -2.031680526889009242e-01
2.978969004206719409e-02 4.419961928810749868e-02 2.700638513499798443e-01 9.572698640033089346e-02 -1.559718639342394242e-01 -4.670523316841956873e-01 -4.848693724887574996e-01 1.292369042796215339e-01 4.136471081557929197e-01 -2.365093068197441362e-01 1.236196076891484252e-01 -1.434795983007091658e-01 2.194264084719284025e-01 9.695886253605191796e-02 -3.109479332178473610e-01 6.040585941066461961e-02
-6.310057703466021017e-02 -4.705291255237142867e-01 -1.972347687004070982e-01 1.401492123671284895e-01 -4.179800159647662494e-01 -2.323355411176901697e-01 -3.641812118355239325e-01 -6.170341973953778758e-02 -3.004792645064576773e-01 -1.232525565283408703e-01 -1.330547871973919161e-01 -1.855535159780343779e-01 1.057584605650321863e-02 -3.501487263034450681e-01 -2.397065128180759785e-01 1.147479102652681632e-01
-2.677872850817125672e-01 -1.190115416790960556e-01 2.456457512442235605e-02 3.612294401758290863e-01 -2.638058059845937997e-01 -5.048589071604105971e-01 -5.147238145699013501e-01 3.875463421611193438e-03 -5.348186712834846618e-02 -2.738957969439701629e-02 -5.385055915284786554e-02 -1.530056913288264930e-01 2.419536269927286265e-01 -2.114163331153871284e-01 -2.458538003862475174e-01 9.022237673322656103e-04
-3.838044272637795573e-01 -1.956203716601981890e-01 7.878332759699806231e-02 4.082531061703015274e-01 -2.572798948565334087e-01 -3.181069917517878598e-01 -5.261441132290349820e-01 9.004256030810599276e-02 1.038195617477586513e-01 4.141233219990453351e-02 9.146287385950811755e-02 -1.757335566185120046e-01 1.982330373780131216e-01 -1.788423173284068302e-01 -2.488426304217758178e-01 -6.545485605533969686e-02
-7.077223973428582726e-02 -2.196405286401310608e-01 3.563987745770151316e-01 8.187045185137378778e-02 -2.826847190180103442e-01 -2.250667438732106493e-02 -6.925849377039086097e-01 2.375406019236777078e-01 -5.259245410196097120e-02 1.216618727414694179e-01 -7.924924865295926435e-02 -7.756986980870898829e-02 1.438504779047717341e-01 -2.238890469315598861e-02 -3.530068160201151883e-01 -1.443492146684388633e-01
3.948319166351805382e-02 -4.847740327454764242e-01 -1.820530706255323872e-01 2.459738794381043925e-01 -1.734279460177244880e-01 -8.701985067055578726e-02 -2.300353624301910427e-01 -2.790130595193492449e-02 2.954610158085931304e-01 -1.209330938876626849e-01 1.786584375087195697e-01 7.960974316931958283e-02 2.408184980330570768e-01 -3.922245349234121381e-01 -1.314756808631534490e-01 -4.573250749075801203e-01
-1.115193162299617062e-02 6.868669027318206888e-02 9.939096540820946402e-02 7.030658476387026123e-01 1.802266982543970497e-01 -2.791527035024063408e-01 -1.585195117884832805e-01 9.313239150801812249e-02 1.542457559009749735e-01 2.104193666504494686e-01 -1.463594927422768865e-01 -1.754945163060367451e-03 3.521792442616809016e-01 -2.616095003107986594e-01 -2.349652462505552597e-01 -9.796422085191477946e-02
-2.973286498072397199e-01 -8.098180165314620982e-02 1.187893001481751531e-01 2.890218172324169332e-01 -3.659299527419896392e-01 -1.812014247137265152e-02 -4.604848092025610184e-01 -2.142416473134548527e-01 -4.868281978660138898e-01 5.992576327659967367e-02 4.887045610809023603e-03 -2.135367677149215548e-01 9.287275055238125576e-02 1.371459573586845393e-01 -2.118053815282318064e-01 -2.381255835267309939e-01
7.949529563115684261e-02 1.043486497488651035e-02 -1.884740077188190310e-01 2.885080653243424775e-01 1.256213073750867548e-01 -1.895688030991714568e-01 -5.708688087945399392e-01 4.064516176850953982e-02 1.919143987055112188e-01 2.331369010641519968e-01 -6.296080724164834774e-02 -7.794218014155185163e-03 1.733001505512109242e-01 -8.608778626012843216e-02 -5.445324891146674506e-01 -2.576500363690927831e-01
1.988580833865763176e-01 2.147552266989617709e-01 1.679339185838037141e-04 -2.056264896879206883e-01 -4.410184075825646088e-01 3.781500753703037065e-01 3.518180080840229568e-02 -2.743408062416280990e-01 -3.125007771037643847e-03 -1.272315010027683657e-01 -2.726758726261623300e-01 3.356025787264000915e-01 -2.282856066340777368e-01 -2.518779178507698502e-01 -5.437294580497616103e-02 3.692776158848344870e-01
-2.728167400082468289e-02 1.464552466592543567e-01 -1.673846783137473426e-01 -1.364653915680912877e-01 -2.360699676709845651e-01 3.833069747727713139e-01 8.937117388145955979e-03 -7.634072648558636043e-02 9.158330844118030278e-02 -2.607420884141767314e-01 1.025979745413922589e-01 2.919719475885014792e-01 -2.418180080793815856e-01 -5.673426514673337584e-01 2.569227563573380224e-01 3.226364125025512619e-01
-1.195560787864052010e-01 3.662354704511477377e-01 -1.855162315707944709e-01 -3.370828563742190864e-01 -2.361551747582355809e-01 3.888134806022051082e-01 -1.042540286924796555e-01 -1.505615803255886120e-01 2.597399689326825023e-03 -1.517807336430836498e-02 -1.944939328118103494e-01 3.270238828883849647e-01 -1.562942958477228292e-02 -3.677266924827488764e-02 9.028574467527288039e-02 5.552443286505615028e-01
1.333129279768171527e-01 1.617296024812964750e-01 2.621469939132115012e-01 -1.424032270871697370e-02 -4.007856086418059571e-01 3.231476675859679681e-01 2.428405486929386958e-01 -3.230447982778462956e-02 -1.962531859760596464e-01 -9.432478884253386875e-02 -1.464109221914757231e-01 4.162279092848371609e-01 -9.455080310410864108e-02 -2.719457717652667972e-01 -4.934850372020057295e-03 4.868939471203994063e-01
2.374040234952530873e-02 3.637537516289563455e-01 1.192550261184236737e-01 -2.869921693063005597e-01 -4.715748472653982781e-01 2.443281621809943183e-01 1.925183138341518274e-01 -3.498195277053794960e-01 6.487322607313897316e-02 -1.115843784611747214e-01 -3.906278209404280277e-01 1.105944569243932502e-01 -1.968633310794082880e-01 -9.731404972101707906e-02 2.878105581738578111e-01 1.283600182101484466e-01
3.466323201201790272e-02 2.773043102561467688e-01 -1.572848605080880702e-01 3.644409305686889793e-03 -2.370559172374926415e-01 1.896418313787077703e-01 7.538458610799488036e-02 -4.165692160220943463e-01 3.041776969604481073e-01 -1.026204027203740515e-01 -2.644706212457673677e-01 3.916406261557986990e-01 -1.135782633026350824e-01 -2.994720972792833669e-01 1.645579123422935275e-01 4.119850940641676118e-01
-5.649537476572679372e-03 1.990352084015667433e-01 -6.693134216126742086e-02 2.996236414678388194e-01 3.577559990304192417e-02 2.586359834383706868e-01 1.542385217417416021e-01 -2.603139922464615674e-01 1.668912836977261005e-01 -1.428681727748835339e-01 -3.762820619710391945e-01 3.970616376087370836e-01 -4.191842350014848839e-01 -1.392107071110187666e-01 1.938695813996704487e-01 3.552224201802774983e-01
1.776361708320002217e-02 1.521545914142477807e-01 3.095465128153189749e-01 2.316205308667095356e-02 -3.277277151348114148e-01 6.605645043083081536e-01 1.284155530049294336e-01 -3.172431060244907397e-01 2.316232580538012814e-02 -2.083717689850033972e-01 4.282491897992374980e-02 3.073020287044545551e-01 -1.409602852121067396e-01 -2.074955645207693100e-01 7.381957897390618861e-02 1.034210240050674329e-01
-7.599616394214887827e-02 2.181311598340134050e-01 2.891932815010268554e-01 1.480688629057356487e-01 -2.513610874681365126e-01 2.241198973919340809e-01 2.717728855147576450e-01 -1.682990783835588630e-02 -5.620850839530532050e-02 -1.613569332308550930e-01 -5.840381848206990800e-02 4.489711991138753411e-01 -1.355301486679729162e-01 7.504260400597270730e-02 1.603096284643245328e-01 6.079883021834850965e-01
-7.902917958543831736e-03 2.561654830284583184e-01 -1.533855381112778915e-01 -6.093068740256967625e-02 -5.784954595898231799e-01 7.137779587713424800e-02 2.322415217669468110e-02 -7.022453956528967867e-02 -1.138140461037380757e-01 -2.594438302638776284e-01 -4.845871584828740364e-01 1.374074070887202903e-01 -2.161226333115873754e-01 -1.015883387118869247e-01 1.613020009263724241e-01 3.805741937851606638e-01
3.204209918197309936e-01 3.510565310143001078e-02 -2.928407587892101205e-01 1.436524951040610981e-02 -2.956541837813791429e-01 1.637075360012058833e-01 8.945476008228721299e-02 -4.282414968029103070e-02 1.191825350859248983e-01 -4.000039488646386920e-01 -2.736929142143721960e-01 3.907715982813687039e-01 -2.851170708420698863e-01 -3.177547295663992188e-01 -4.050571917705661669e-03 3.193652871243601865e-01
6.432888458053764857e-02 1.266519445742959327e-01 -3.171786575581952983e-01 1.097989810786217518e-01 -4.027174922322646067e-01 2.647028883102082175e-01 -1.108183404173966324e-01 -3.009549494559440874e-01 3.909509531523943510e-02 -1.678340734413237903e-02 1.237316186576846999e-01 7.910346313222897663e-02 -2.188249276071214666e-01 -4.086139031174318426e-01 4.653330442957954172e-01 2.780249723166577369e-01
8.494200558293751868e-03 4.999230803949663571e-01 -1.999634463413333674e-01 -3.860958076950362500e-02 -8.777736226643979844e-02 1.530274426295442358e-01 1.507093582118483599e-01 -4.177066346887363391e-02 1.494145657899608459e-01 -6.866573106291259387e-01 3.080185190586075955e-02 2.575020447595495303e-03 -1.834733385217947876e-01 2.781336494540228438e-02 2.294389461196638391e-01 2.666302334802826968e-01
-2.754724562358909848e-02 5.752092598758273834e-01 -2.592031760948465546e-02 -1.853461104153623640e-01 9.752668748320661440e-02 2.394182845239353485e-01 2.300741041427225020e-01 -2.412956784311756087e-01 -2.221497285812319977e-01 -3.906317174792293678e-01 -8.632074808549819456e-02 4.124987057501752208e-01 3.366121261143857103e-03 -9.672726088198317640e-02 2.413649356550794933e-01 9.047389236212817487e-02
5.500927331807680537e-02 5.309486054686224366e-01 8.220599618331581038e-02 -1.981841136822000138e-01 -3.143169079703530544e-01 4.998692908486784825e-01 -1.130298528964446408e-01 -2.808265619324392670e-01 -1.037339843545169449e-01 3.862591999819794952e-02 -9.900859821736851529e-02 2.880588958867107974e-01 5.999517472591044814e-02 2.916146292428087664e-02 1.817401025108638657e-01 2.936263771804501488e-01
2.644479918861161738e-01 3.878426009588186729e-01 1.396323356771687063e-01 1.480715366574427150e-01 -4.006569438659959292e-01 3.943417349949738249e-01 1.461053445110148119e-01 -2.497478124691936696e-01 -8.161929990358387371e-03 -1.569012324589922902e-01 -4.161303088703662695e-02 3.457890300850013920e-01 -8.006834604826361390e-02 2.096776962447928216e-01 -1.065164156845225668e-01 3.616118644523014236e-01
3.991958520820319128e-02 3.424797188027535744e-01 -2.915343692777073170e-01 2.478308733434071709e-01 -2.410081023332820427e-01 1.174161999751003292e-02 3.781673277074015793e-02 -2.518121578229823854e-01 3.432473411322385926e-01 -2.383143652608152030e-01 -3.073090021513645298e-01 2.702554700754353223e-01 -1.480965377060678712e-01 -1.487110343922406486e-01 2.431586867720398060e-01 4.078926091040301904e-01
-3.400855628350730325e-02 -7.441202968928564698e-02 -1.308704455459596683e-01 2.232617486427964371e-01 -3.922822839406725492e-01 4.760094519366778187e-01 1.289003430327433641e-01 -3.187755634782112879e-01 -3.706194993575234742e-02 -7.707459826833774896e-02 -9.120521712252936675e-02 2.710734613909828727e-01 3.379498735670859871e-02 -6.101769548922585107e-02 2.628769160407649075e-01 5.143413368848908096e-01
1.730482527964058437e-01 1.039515350437109908e-01 -6.833563759721021647e-02 1.590691446241441209e-01 -3.966546286536625776e-01 3.783130177832096930e-01 4.645833895869939945e-02 -2.286142306489418741e-01 -3.102516228489665129e-01 -4.191682045077821384e-02 -2.429403867834291075e-01 2.132964061067291750e-01 -3.015683959991651286e-01 -4.315932481141727672e-01 7.049028607736503027e-02 2.994721413388917175e-01
-1.923959508349668279e-01 4.605888440655334648e-01 1.190580168669136268e-01 -2.822306229086472551e-01 1.958887221975187318e-02 2.166603848137923782e-01 -4.701288221896959135e-02 -2.447200910505815952e-01 6.389359096117637471e-02 -2.482725787990609223e-01 3.185751494776388471e-02 1.332245470785108077e-01 -3.668926834580840679e-01 -9.095855251502361905e-02 -1.241494992071880826e-01 5.520933394451412735e-01
-2.488824634014786819e-01 2.488949417489071392e-01 -1.004610813045171275e-01 8.017874107989344384e-03 -7.863945015031235941e-02 -4.647883152519686339e-02 4.623414818415110816e-01 -4.807194594836500245e-01 -1.812640825053487420e-02 4.408962275639354694e-02 -3.448395207452614186e-01 3.455356189379802934e-01 -1.406615383578980194e-01 -1.292774317398582840e-01 -9.772918133833663132e-03 3.682137552706739037e-01
-1.064199249844065664e-05 4.854923507476802125e-01 3.588902360680461257e-02 -9.813327228827969928e-02 -5.932162341094494584e-01 -1.345696545515618660e-02 6.892661312761393100e-02 -1.542162893098185557e-02 -8.611352544823809574e-02 1.360336890348662064e-01 2.155832405818494946e-01 -1.698022914669344852e-01 -2.487395123207112313e-01 -8.936785336676091041e-02 -1.590343089292549014e-02 4.743028443901116664e-01
1.429132074569069433e-01 1.484211861069129335e-01 -3.712783544210998543e-01 -3.394858178545411692e-02 -1.670252241160738726e-01 4.324461154111481909e-01 3.171436079435638877e-01 -2.444770004347483761e-01 -1.401618904162989926e-02 -2.729931434970604420e-01 -1.399333214831449401e-01 3.945316212118355481e-01 -1.607213918568291267e-01 -2.149204541092999965e-02 1.911683827503187771e-01 3.612393043775095069e-01
-6.870541461468651634e-02 1.867905952220308696e-01 2.145811400696989169e-01 5.361140797443399164e-02 -4.971324721213162823e-01 2.936943370026678934e-01 1.407457705838567434e-02 -3.317412985046795937e-01 -1.777965639429108791e-01 -2.640738349213744840e-01 1.324821475287203676e-01 1.618367967872437474e-01 -3.511243757318123493e-02 3.623270301922447423e-02 2.160007502184321249e-01 5.230017750823409139e-01
1.882275130291758759e-04 3.958108540053145719e-01 5.115948015128072429e-02 -5.719805009268019019e-02 -9.354229451630169390e-02 2.614996593528807756e-01 2.156949973399792941e-01 -2.377226779308289351e-01 -8.394745988477320120e-02 1.739486957161059666e-01 -1.469641961144449623e-02 1.799765566340273959e-01 -2.046432212583318144e-01 -3.655551007553167198e-01 1.404254525824008837e-01 6.262065386238169218e-01
-1.550274994217210878e-01 3.585323454719818170e-01 -1.158573029991636326e-02 -1.484907903442224952e-01 -3.709306033376486567e-01 4.966897108807092343e-01 -3.802507092922750159e-02 -2.282646000793646657e-01 1.409786043695687163e-01 -1.239510470044893620e-01 -1.989878232539492309e-01 1.943139469452645485e-01 -3.845041976801886197e-01 -1.120447323105071141e-01 2.351309176001731560e-01 2.431450831211749430e-01
-8.405586913407057936e-02 3.483291116881101490e-01 -1.704824597361370708e-01 -6.857888767236956784e-02 -1.174101849726423702e-01 2.668558400105503492e-01 6.591276354697693518e-02 -8.320480072729483090e-02 7.892922342273547831e-02 -2.110654119270854168e-01 -6.365155072386655122e-02 -3.713711719489620200e-01 -9.807197987051875787e-02 -1.222853771297656850e-01 2.970547946112783166e-01 6.603101622523340763e-01
-4.318524214099730418e-01 1.157693255765795542e-01 -6.040077529394478201e-02 1.028690959370342356e-01 -2.283710470242134027e-01 1.547551692182321526e-01 1.638304751343018228e-01 -3.954948578959065486e-01 3.663166580870282907e-01 -8.206279608812841464e-02 -2.374066232990774961e-01 4.121561433076410541e-01 -3.104049439393084808e-02 1.764902689245856915e-01 2.138963093595595555e-01 2.854659241977209327e-01
-1.120933056936011113e-01 1.878049089442393460e-01 -3.529043575370351821e-02 2.457882854789341515e-02 -2.591422134309462333e-01 2.161238418517420490e-01 1.219972734773820261e-01 -1.340668636277237424e-01 -2.290898058441452612e-01 -7.541573103837716230e-02 -2.209543550938254941e-01 5.485986685723173162e-01 -2.243253682322642745e-02 -3.434780526727725936e-01 3.460106454013154864e-01 3.967854041391497555e-01
1.912108696299357202e-01 2.752920062027451320e-01 -2.448235488732308229e-01 -3.310687689681545698e-01 -9.567286609518242668e-02 4.881302043078980524e-01 4.612803029231462258e-03 -3.239708238552388986e-01 1.818319862934958744e-02 -5.924753161078911284e-02 -3.697448737266588736e-01 2.540149082000793812e-01 -2.065812652923873505e-01 1.358436509752745380e-01 -5.532777349081421242e-02 3.105456895732779943e-01
2.802814910982752705e-01 1.047321353731495291e-01 -1.332707150750085112e-01 7.094047481195854543e-02 -1.893407069543898424e-01 3.430714148846827904e-02 7.928897438263958486e-02 -2.695034065884564511e-01 2.983164057764896016e-01 -2.108928549870969504e-01 2.128962074362266144e-01 4.566061917571451190e-02 5.215319154023850823e-02 -2.624926624922478413e-01 1.156737345804001033e-01 7.112335710370375486e-01
-8.186317870086956550e-02 1.130137849986603826e-01 -1.554852627271421754e-02 -8.853355539967885934e-02 -4.635403193586351001e-01 6.967469749306423599e-02 3.493574691603152510e-02 -2.071869065830025947e-01 -8.778297750389315798e-03 -9.816296453318441861e-02 -3.455912110196666664e-01 5.508744323231318935e-02 -4.387022487468674597e-02 -5.955291652073394504e-01 1.852127891017826544e-01 4.307098179925971104e-01
3.328026465939564194e-01 5.150764019788338643e-01 -1.927355060879718668e-02 -1.424923553997041459e-01 -5.490302037049175216e-02 4.999335916301254623e-01 1.847291724735642404e-01 -3.904607911281159915e-01 -7.798197739700649112e-02 4.093348484515547253e-02 -1.962054835672553676e-01 1.693799957903561471e-01 -1.632925671627909747e-01 -3.841630187188274648e-02 1.557403383188200874e-01 1.907681360476789212e-01
5.994755647436332546e-02 -6.913899826637716350e-02 -1.859965123805099735e-02 8.783141653987636133e-02 -6.329505194579185257e-02 5.983322057620490408e-01 1.523958600020112464e-01 -1.614878247069077150e-02 -1.009102282215616070e-02 -5.418809130389478854e-03 -1.982845061042576018e-01 3.314960970414905783e-01 -1.383112519816936670e-01 -1.564041998279384615e-01 8.640725079235885009e-02 6.306161448719533880e-01
-2.738156702035121071e-01 3.951918106946979981e-01 -2.018233450743627533e-01 8.457868999349983652e-02 -2.624673757803103746e-01 3.046779012411340859e-01 1.719467640702397326e-01 -2.017579207642866690e-01 -2.663104746141349843e-01 -9.807852488248419709e-02 -1.896823461857267412e-01 3.403983699978348487e-01 -2.189959919296840807e-01 -1.860679965601618191e-01 4.026220186725588124e-01 1.090704201174007709e-01
-6.991436967511882594e-02 1.496229233486281451e-01 1.641536701398469134e-01 -2.884157433929201986e-01 -1.490116106108972660e-01 1.952690316002699544e-01 -8.938671341928021083e-03 -4.047636033556347157e-01 7.774555616413500458e-02 -3.769835566860877951e-01 -3.519677349970595781e-01 -4.077741007217574459e-02 -2.748067511039674060e-01 -7.574899671560246517e-02 3.373344918015002136e-01 4.118138979413861200e-01
5.240149986085791689e-02 3.749346008272836928e-01 -1.804758320440313091e-01 5.247082344164818307e-02 -3.158157118331291202e-01 3.853291313858107636e-01 1.063727444711331377e-01 -2.754826977004492528e-01 7.336627747504094466e-02 -8.968814960545992698e-02 1.817839385622435633e-01 -6.953893853569570460e-02 -8.525316790651547849e-02 -3.488549813167299840e-01 1.256228023920265800e-02 5.527170009705424381e-01
6.851716031356139790e-04 3.767834849417488474e-01 -1.319442686852304383e-02 5.925815032116917014e-02 -2.759385273546112183e-01 2.800356576862731983e-01 2.033965110289732703e-01 -3.425901431089928284e-01 1.624483732897479826e-01 -8.432764537320433518e-02 -2.150998230358865393e-01 3.107784824453669811e-02 -4.272279133792267758e-01 1.594181487332217012e-02 4.263813581433465449e-01 3.094101503543363885e-01
-7.862066332045217210e-02 3.181354268180288658e-01 5.251660381436708269e-02 1.883990222499967726e-01 -4.136969245520086269e-01 2.536105157465640692e-01 1.119510018592212025e-01 -2.209290511993311779e-01 1.824540928913407842e-02 -1.592055581678984699e-02 -4.806779647433558345e-01 -1.791598323298226603e-01 -8.683845279837401621e-02 -3.078632401656816731e-01 1.806427645006249971e-01 3.985748793077653618e-01
-2.353766579531022807e-01 2.643161091188545031e-01 -2.092730511257406834e-01 -1.572857749904603974e-01 -3.023243299159905084e-01 3.664140628311549075e-01 1.217512773460378422e-01 -1.605805747676497183e-02 2.647961927046701969e-01 -4.131133282342080437e-01 8.342698530600062279e-02 -6.513698052751322465e-02 -1.269173926350234682e-01 -3.479825021997373091e-01 2.127334099324370842e-01 3.619701837545442058e-01
-3.763542917373701169e-01 1.938415355241602522e-01 1.346293268645555874e-01 -1.037465666192655539e-01 -1.487039534103097860e-01 2.673912760761254503e-01 1.395211377162988986e-01 -3.314883310130705141e-01 2.574697974483441953e-01 5.094535138276367475e-02 -1.734526253152793296e-01 -3.946715179879591029e-02 -4.142840207587663581e-01 -3.346310896800787082e-01 -1.047080675459114915e-02 4.297492642857669298e-01
-2.937243143802299727e-02 -3.765938294738427339e-01 4.252608327545947392e-02 -1.410236057691759415e-01 -5.784513974512668355e-01 3.485073874688706108e-01 1.963230592497298699e-01 -2.315982378906519534e-01 -2.045132075013896822e-01 -1.583885952144590825e-01 2.901137117577286262e-02 7.937313801764814269e-02 2.628442985052877393e-02 -1.555871238873242635e-01 9.855168212975705389e-02 4.227402331862200047e-01
2.778986525694446819e-01 3.549020794871492468e-01 -7.200992957256567573e-02 -1.035811484367800545e-01 -2.389273533226547452e-01 4.170518691765306984e-01 1.486840464902975112e-01 -2.332626804130331563e-02 -8.482936355967310438e-02 -1.082970280797055374e-01 5.527248828149609189e-02 2.954794793266526387e-01 -2.201445980896176990e-01 -3.817207299460459446e-03 1.341167826236427663e-01 5.928573201021039019e-01
-4.904880313014130938e-02 1.016338327654861262e-01 4.888865839658023543e-02 -1.198815233103951300e-01 -1.879660907288922267e-01 2.011857702429875883e-01 1.290867163589765609e-01 -1.151237917465226246e-01 2.941375007169148015e-01 -2.601995674815998361e-01 -2.357417332246037334e-01 5.012859927270483240e-01 -3.621358633686727058e-01 -8.350356926935612045e-02 1.323293173685954893e-01 4.980667543932556507e-01
-3.551626730758660200e-01 4.516310290152383278e-01 1.872346190848336173e-02 4.202582713805524256e-02 -1.703094828821524187e-01 3.256601000899253529e-01 8.171196079628725850e-02 -3.952193182465687515e-01 -2.747387537689049974e-01 1.864752344974406409e-02 -2.469266226399952635e-01 3.610243630738127485e-01 -1.628503702601027392e-01 1.129000610515569101e-03 -4.041137988754784499e-02 2.730240251222411096e-01
6.793530642255177221e-02 1.746863467595067554e-01 -1.257884863679462339e-01 -3.666811888594104923e-02 -1.930714972249386596e-01 3.486843665658005409e-01 7.435952414988475367e-02 -3.362915933755595277e-01 4.807613848743853557e-01 -7.350157004048026022e-02 -3.815761712227045549e-02 2.149920908242557160e-01 -5.753501370730863818e-02 -3.486577930238611289e-01 4.389008797149342445e-01 2.617351820399304030e-01
1.819518388612573201e-01 1.575330692622105566e-01 -1.293744391467593347e-01 2.541188218680526800e-01 -4.397859663699899557e-01 4.647001290879386182e-01 1.238134233776656545e-01 5.243702593219500691e-02 1.663182765896694670e-01 -3.185484012806489851e-01 -6.537355014080828419e-02 2.521591081529588052e-02 -2.445625280476333707e-01 -2.797583427675422452e-01 1.998331050988691460e-01 3.482415841556344427e-01
1.084816312226183910e-01 1.197672778273816269e-01 -1.135042547274714014e-01 1.658170027255571888e-02 -2.755754203517638001e-01 4.955935037462703696e-01 2.979714694545356202e-01 1.200842553286411291e-01 2.364629935514049597e-01 -2.361536356561654004e-02 -1.066916655909860845e-01 2.273947033149648911e-01 -3.111241418278584137e-01 -1.098996585500390255e-01 2.434075365256547357e-02 5.540170338498866531e-01
1.498750190700963436e-01 1.647174359232801422e-01 -3.085277270743832512e-01 -2.043578568746280966e-01 -9.247780584386713909e-02 4.097836332121770342e-01 3.660162656047322161e-02 -5.894233968183495431e-01 -7.316127739519247275e-02 -3.799431642378305884e-01 -9.411817825763152401e-02 4.384131844209118029e-02 2.780379025504416818e-02 -1.087378540793396964e-01 3.225672206210738469e-01 1.052782303780894213e-01
6.117155729681320042e-02 4.162295347173159965e-01 -1.570985893520286114e-01 4.852665410954720704e-02 -4.015492667155625139e-01 3.110778876985429986e-01 4.824068962795408089e-02 -5.394789375272670412e-02 2.481333854546002166e-02 -1.077356391742594482e-01 4.132513277719499639e-02 3.501840385577344450e-01 -6.059839999134542660e-02 4.498496773092216516e-01 3.405360204243861877e-01 2.723351432327078547e-01
3.954237599411121462e-02 1.938838159673150485e-01 9.445147185834534831e-02 -1.585288662951442329e-01 -3.494493196730542872e-02 5.324499829064845979e-01 2.697884494728387539e-01 -4.322174602632167795e-01 5.208938053518234051e-02 -4.494591067747202850e-01 -8.535629939658098686e-02 1.769387239759169228e-01 -3.325158942412418384e-01 2.615499810097419303e-02 -7.465493729750216634e-02 1.494223738307631499e-01
-1.494059964499843129e-01 8.061480787221955713e-02 4.804103725321785812e-02 1.265750719812073488e-01 -2.376932976217833449e-01 5.073384280553981940e-01 1.869588612866106003e-01 -2.950834516577304986e-02 6.068928255109253510e-03 -2.462716079057786778e-01 -2.632781276424085992e-01 2.444294610502270038e-01 -2.737927439717345313e-01 -1.905540694859400863e-01 5.235115888504372483e-01 1.674807270113713165e-01
2.617851106258275995e-01 3.671922195868665417e-01 3.684937148505024792e-03 -1.796502205486362747e-01 -4.937944617846472539e-01 4.983024009946611099e-01 6.330683315384147414e-02 -2.292881101317877923e-01 -1.971515420845088365e-02 -2.666239689160526116e-01 -2.512117135097821086e-01 -1.165970863247187128e-01 -1.439880081434903082e-04 -1.544417074120805755e-01 -1.036765163743955109e-01 1.812492425036345278e-01
1.748096712758269999e-01 3.261978880984545692e-01 -1.718512925062891938e-01 -5.815184587092407653e-02 -3.937992453846618224e-01 1.304062980257575666e-01 4.357838623865634142e-01 -2.062082378327772525e-01 -2.266264042667372192e-01 -2.826541349325411567e-01 5.987317796523743824e-02 1.595109679936498326e-01 -1.169718524455256314e-01 -1.259704985581366621e-01 8.047319114051472433e-02 4.788534261109364532e-01
2.334039022850603051e-01 4.770264197733284361e-01 2.235599124765879908e-01 -1.214668636512118011e-01 -5.531546985249945481e-01 3.425923054756511710e-01 8.746570029384626022e-02 -2.116754927604165837e-01 -9.116584287144794546e-03 6.156108980287530730e-02 6.501410022802925348e-02 2.164460284062859341e-01 -7.955404411801771103e-02 -1.792466612836834949e-01 -6.198825733410829458e-02 2.831597723505075437e-01
8.864211514869399511e-02 5.618553789517065633e-01 2.176809116148482326e-01 -2.574926931197340507e-01 -3.051602385769192072e-01 3.175926808162923276e-01 2.547480551159236328e-01 -2.464665250495868265e-01 -7.395651164188529747e-02 -2.149430304974533912e-01 -1.361510897032735534e-01 3.299185647602983495e-01 -2.565740310448108227e-02 -7.236053145807465337e-02 -1.191712808197646807e-02 2.409431950449658077e-01
1.084425675427244523e-01 1.901660668648623709e-01 1.495922205544563399e-01 1.268685963236858109e-02 -3.922925048651080826e-01 2.672692835244479537e-01 -1.492690313997432072e-01 2.890315997839861331e-02 1.526953791125086057e-01 -7.829084865114045722e-02 4.688627048497278627e-01 -1.208297681842267213e-01 -3.799872796110217998e-01 -1.796430623095726653e-02 2.912901832309072736e-01 4.331915829570713861e-01
1.351759206981004158e-01 3.711088870870707379e-01 1.422165926178713402e-01 -1.979106439010256679e-01 -2.050933387185245593e-01 4.769977869728714848e-01 4.873199281262267923e-02 -3.205262768384059546e-01 2.069706379151541389e-02 -3.217908912633909435e-01 -2.122053193783150771e-01 2.159764992765872416e-01 -3.523516710027331800e-01 2.457391635975531008e-01 3.155994172310699203e-02 1.694675665271768716e-01
2.240233050335360069e-04 4.196745791394025926e-01 1.891570597552020422e-02 -4.081523061177652623e-02 -3.669750755564990530e-01 3.784449490771881197e-01 1.239443470546161691e-01 -3.152464986153809545e-01 1.489940306861704811e-02 -2.667010047041127874e-01 -4.072357832774391451e-01 1.852647560840721686e-01 -1.403753434667029953e-01 -2.672536384960789990e-02 2.266584072938490901e-01 2.930984850929041485e-01
-2.906076554678282964e-01 2.675452134248970104e-01 -3.488245876818254348e-02 -2.828644394854870625e-01 -2.724928920448846381e-01 2.060665173348071033e-01 3.157565251568247855e-01 -4.206149453430614304e-01 2.411249618264434680e-01 -7.199219099174719583e-02 -1.392792319285717784e-01 2.310093309727793420e-01 -1.283173441953323335e-01 -2.066742053506631094e-01 -1.125208216992132637e-01 4.018384371585020931e-01
-1.786141535046572096e-02 3.894780819752245438e-01 1.700842939486376382e-01 3.967327182830311383e-01 -2.247523330537671005e-01 1.292626758441726698e-01 -2.562761213088226575e-01 2.777475200552940171e-01 -1.326707047286157237e-01 -1.040557450233672576e-01 3.117286662907507999e-01 5.085588954704247655e-01 2.416752762377875341e-01 -5.513105282512088291e-03 -8.237540070701543371e-02 4.647176817906756296e-02
-2.364108206308526972e-01 2.091017291895780061e-01 4.029710587789134824e-01 4.625286624871789015e-02 -2.057896366469830207e-01 2.798797274037365113e-01 -2.468093426064151552e-01 2.842228433159864620e-01 -3.627185341683945574e-01 -4.827678035698460685e-02 1.834480573393811043e-01 4.709191771774763891e-01 2.701817044602702542e-02 -1.533241683694591129e-01 -1.134020805568306811e-01 -2.169564899342003306e-01
-2.370191890525620224e-02 4.642767161644980600e-01 -1.243094682551961760e-01 4.593280079917162473e-01 -3.500852179906810968e-01 -2.307653843282120310e-02 -1.087313609298199424e-01 9.879902230812781516e-02 -4.355440653011048435e-01 7.889938011152861086e-02 8.461662084645292514e-02 3.736785710151097617e-01 -1.114408269455679917e-01 1.179640614524206793e-01 1.619005521795101599e-01 1.323200152766689786e-01
2.141189290983246118e-01 4.579457570715286807e-01 3.461990748520397433e-03 4.048802980087222170e-01 -4.583265272492690889e-01 3.190037189481076396e-01 9.821035546917633585e-02 2.456569707941803349e-01 -2.852484225606767912e-02 1.302434333194486538e-01 4.623704259595647764e-02 3.647291231011363100e-01 2.129748938345275497e-02 -1.515318874764897961e-01 1.260898888478217128e-01 -8.014458959621821588e-02
5.926301797704371099e-02 2.949123481453785334e-01 1.415540084489641803e-01 1.682868818740832495e-01 -3.247448886935179191e-01 1.852605653208097558e-01 -1.514610935181074924e-01 4.340628157762282391e-01 -3.005713080622157696e-01 -1.031921302911476129e-01 3.328633230641837581e-01 3.142098291583035885e-01 1.941185389941282036e-01 -1.323018316985949960e-01 -1.246701748560645889e-01 -3.588577839367325661e-01
-1.430783082775787807e-01 3.621547661423004660e-01 -3.868542784529364065e-01 3.161934569380071836e-02 1.172249818196738208e-01 1.035462693881798180e-01 -1.932780229172463282e-01 3.136729648190847430e-01 -7.882728161665311650e-02 1.137890466370397938e-03 2.957910267948425376e-01 6.332052739886554482e-01 1.488012994662185617e-01 -2.267094882458552119e-02 7.626895143200844440e-02 -1.199033809206753870e-01
4.068833269253711027e-01 1.800203928167950218e-01 6.962799889787830987e-02 2.705483746568281278e-01 -2.515281015292571420e-01 -3.613529426336644090e-01 1.190360155906524109e-01 4.350273696390284384e-01 -1.798814743169514785e-01 1.348601934815124026e-01 -3.198095649972235721e-01 3.915564183938988196e-01 -3.388935837857729588e-02 7.045590444179905543e-02 -1.401709325668434696e-02 -1.195207496868676417e-01
1.526379020439315726e-01 5.657702688997939822e-01 -1.870457849949967444e-01 2.273714953876717626e-01 -2.838258196247232523e-01 3.351698982987201814e-01 2.108309319878488505e-02 3.728726413128413131e-01 7.316972575953666069e-02 8.222374269586883722e-02 1.004858585157303308e-01 3.424544165606155377e-01 6.702563936291888735e-02 -9.502911619376858132e-02 -8.553234798942185857e-02 -2.778876596692986811e-01
1.839948279704994027e-01 3.217871856462717339e-01 -1.245059842509358417e-01 1.707289792276088514e-01 -4.890524285256809267e-01 -2.146512959545223698e-01 -2.126142094327584386e-01 2.900975030435778979e-01 -1.018291913708887220e-01 1.787979067665372568e-01 3.894821459981526179e-01 1.348532871425424939e-01 -1.528473570354440259e-01 9.296912633255793867e-02 2.300423605133723459e-01 -3.258761705414517373e-01
3.274701230749570841e-02 5.830771619283212637e-01 -1.607883525793449842e-01 3.826823999211035332e-01 -2.809028385909700387e-01 9.945406168410076200e-03 -8.526009590145644523e-02 3.107084980504537519e-01 -1.887446195264573801e-01 -1.166151028141784868e-01 2.446808539188077558e-01 2.073273498672998927e-01 2.390983834504869510e-01 1.321824326333088384e-01 -4.169100944537063730e-02 -2.745546133754185325e-01
1.793907890449436592e-03 5.039960984740455840e-01 1.927947488011780286e-01 2.476827639789836166e-01 -3.150983621538974155e-01 7.162900296930348187e-02 -2.029114595532486853e-01 3.960621244158766818e-01 -5.060116638589320370e-01 6.333774075903876588e-02 5.610238603203217267e-02 2.079546323591778823e-01 1.005511652457749816e-01 1.866990047720782503e-02 8.013355914095171562e-02 -1.472400069477372841e-01
1.514687962905741647e-01 5.974691863651305779e-01 2.246588486373566739e-03 -1.453788148645577538e-01 -2.284761643219872240e-01 -8.503809657087425811e-02 -3.801292286827145372e-01 3.465585060367383230e-01 -1.336503177955519206e-01 -2.971226538957800201e-01 2.348198835025199493e-01 1.437837405736998864e-01 -6.081702081257651937e-02 -2.786891219717727020e-01 1.062604672447630960e-01 1.725745389072059696e-02
2.725844416342578236e-01 4.918124574145276706e-01 1.902837266486947371e-02 3.120734808258686654e-01 -1.721224651819507900e-01 -1.751807349852624596e-01 6.067111569348471872e-02 4.104223599258587374e-01 8.974836900019157737e-02 5.395761164784086770e-04 -5.259197753697827937e-02 4.894765973333899400e-01 -6.218402449480702615e-02 1.891454067175786166e-02 2.962737393726813107e-01 -1.058928895673120762e-01
-1.103393126697781862e-01 5.095798302356181475e-01 -5.380463372740285077e-02 4.435503423057230443e-01 -3.656877227791813234e-01 5.762878186643752287e-02 -4.276634461204254639e-02 5.574674848288126983e-01 -3.073560382832088433e-03 -1.151591406197884559e-03 4.311014584504347519e-02 2.247922216087138991e-01 1.273338721623152869e-01 2.153216599103334461e-02 8.845470069875769475e-03 -9.857815144968443133e-02
-1.194130731773065772e-02 1.423603750925540590e-01 -1.212840252387175077e-01 2.807501806963227375e-01 -6.206069892516735687e-01 6.125491290157584340e-02 9.680238591893242095e-02 2.795986952300191786e-01 -3.813180439824915835e-01 -1.559116235221107705e-01 3.864405682988947266e-01 2.836309171940712970e-01 -7.818518371271893086e-02 -2.383568593283542925e-02 -4.854823247281431914e-02 -3.280898510502988641e-02
-1.566544498066714253e-01 3.911699330713256928e-01 6.765961614386008238e-02 4.416264628171574502e-01 -3.362610795253018758e-01 1.643340823282812835e-01 -1.322995213847130702e-01 1.501510900758621370e-01 -5.950875647442000621e-02 -1.214121068431764892e-02 1.618799430018529883e-01 5.434063984679894377e-01 -2.754235225867884274e-01 1.364018106128740693e-01 -8.548700423002011939e-02 -1.255072249345234037e-01
1.559025922021255450e-01 1.601915739112092785e-01 -1.227712454342693160e-01 4.360944836564633054e-01 -1.856173448213884469e-01 1.264411386043332898e-02 -3.082616083828673137e-01 4.779717470161826687e-01 -2.788140933689935985e-01 7.294095367379961614e-02 1.436542784320377908e-01 3.468214373530978945e-01 3.943359037025510189e-02 -1.952774540209402110e-01 -1.650927018746427832e-01 -3.094555650410925618e-01
-4.833667376393295523e-02 3.161111177381663584e-01 -1.009504272348345777e-01 4.148220304889420618e-01 -2.643936687250146855e-01 -4.794088861611204427e-02 3.516183623814537335e-02 4.471547158880305739e-01 -1.903730502428495341e-01 1.909499796490520818e-01 1.874127283040789849e-01 2.967941613166253378e-01 4.184682274790127443e-01 -1.040986719317476134e-01 -1.595500973599972006e-01 -1.864415821603662149e-01
1.159534014970283050e-01 1.652680185880932850e-01 -2.738681329208598747e-01 4.892020580374192851e-01 -3.880473605934051107e-01 -1.382836923531602924e-01 -1.046906200972514828e-01 1.614413596884880786e-01 -6.014885953805684804e-02 1.571677467767588210e-01 -3.940901493621402907e-02 2.849202748157609877e-01 5.767677012917669932e-02 -9.616875951145990864e-02 5.334247215775592688e-01 -1.732718026925801902e-01
-9.307655459386282581e-02 2.289640007414063261e-01 -2.219023766558229915e-01 3.669681408509894438e-01 -4.813673843131193730e-01 5.837298875994005945e-03 4.056756900529591425e-02 3.038224946264713178e-01 -2.386695002183644443e-01 -5.379128331414830683e-02 4.827459906856071403e-01 2.527478715258764663e-01 -4.146167421635570116e-02 -1.011699101264342329e-02 2.559296980887638684e-01 7.211273584382960067e-02
1.566585698568219720e-01 2.643586964364076364e-01 2.196378647431568298e-01 3.515821952447264476e-01 -2.219671627889503451e-01 -2.605254844371004963e-01 -2.936958575186068843e-01 2.064054772484261446e-01 2.078850484093346801e-02 -2.039423078755374374e-01 4.502456707834730509e-01 3.117075770788818034e-01 -7.591912105617228124e-02 8.732432283232917369e-02 3.574502967857885460e-01 -6.819782835426707601e-02
-1.455877505357989210e-01 2.561330536762645993e-01 3.112032923714206367e-01 5.313773774619297008e-01 -3.513454135401490874e-01 2.934376983765586977e-01 -8.180209668695058445e-02 1.652014708108225094e-01 1.075473451727925467e-01 -1.539076585618733700e-02 1.220478589567387806e-01 3.392074097492751572e-01 -1.343413390994330492e-01 -3.455634597094583427e-01 -5.868978357775035681e-02 -8.826903883413401986e-02
9.664827837896224072e-02 1.704599104994372616e-01 1.642648619377126418e-01 3.885854917754157922e-01 -3.996820600918778443e-01 9.315067454100102451e-02 -6.193963153900071406e-02 4.691588481938378519e-01 -1.276908826735196900e-01 1.673334384759753435e-01 -2.405963492619407618e-01 4.513484445745507556e-01 -1.615497676480644185e-01 1.210827722869326634e-01 -7.083276611194444516e-02 -1.989156882138367333e-01
-1.285196447736252669e-02 3.354678104508708736e-01 5.976182543654058599e-02 6.271567511552994523e-01 -4.185417662543218231e-01 -1.522321664491945448e-01 -1.073380161764004720e-01 2.503204025570595070e-01 -1.647872623037593687e-01 -2.279724698460171561e-01 1.686372294152345408e-01 2.617205982068862569e-01 -1.801755457163203150e-02 2.005668778105821892e-01 7.476140337898659616e-03 -3.457513108320285633e-02
1.001485422070421821e-01 3.636679188243235883e-01 9.576372116010049840e-02 2.770793168443087540e-01 -2.045726501893105342e-01 2.189351506699934169e-01 -9.179848280330169669e-03 1.797739221234835316e-01 -3.800121624884552629e-01 2.403484420841751623e-01 2.796719097856217862e-01 5.721505317975710270e-01 1.235054345895458955e-01 2.730579542549855382e-02 -1.386154201777645978e-01 -8.138866717865382572e-02
1.341075344248010837e-01 4.131651836965338220e-01 2.317625841315961582e-02 3.973734873281405955e-01 -1.668647342429410152e-01 -1.455443385872687290e-01 -1.911595101325996859e-01 1.727035123202673994e-01 -2.118715758670460803e-01 -6.202328435022349401e-02 3.644950117149589608e-01 4.566224120410269371e-01 9.389203350744113052e-02 -3.439159345888310737e-01 -1.353936639446763346e-01 4.414743292220491000e-02
1.052015725253514083e-01 3.453613229743821567e-01 9.733053062803725952e-02 4.931724358425115806e-01 -3.274019542566317109e-01 1.780586020485532273e-01 6.252324232076056365e-02 4.133796410301739943e-01 -2.252764166292338388e-01 9.467338236999169043e-02 1.379577392905536638e-02 2.113236698626184407e-01 -1.929777672203593641e-01 -2.528149339210779556e-01 -3.109942977858737856e-01 2.903998019853627766e-02
4.766523934962306475e-02 5.617243665062600089e-01 -1.133142265159096801e-01 1.481400528647452142e-01 -3.122113253160125335e-01 5.740465581480816426e-02 5.793578412653402343e-02 3.935172814340038294e-01 -5.684210806121321735e-02 -3.662722474611106449e-01 -1.575245204725957693e-01 3.572907663481379448e-01 -2.274565781298041878e-01 9.875334512193038872e-02 6.445646847067183771e-02 -1.814501435409580088e-01
1.592593471143963213e-01 3.214744513548069005e-01 7.431818666695964859e-02 4.136637881579936504e-01 -2.276288825223005963e-01 -1.168868022341122831e-01 -3.222381924567587208e-01 1.672061947510292967e-01 -2.647735382368327506e-01 2.628740408941064866e-01 1.459500430357691947e-01 2.698739162168868333e-01 4.009890877505010304e-02 2.611599433159379931e-03 5.113478063259069284e-01 3.073210748798710715e-02
1.859123487823757526e-01 3.338402984047637578e-01 8.326678910290152835e-02 4.346926093661255819e-01 -3.496571067121918008e-01 2.297585120777148326e-01 -1.126902308140166446e-02 3.925997708547512843e-01 -2.271329420462981641e-01 1.229831562538634543e-01 3.395184284723833934e-01 3.456223678183714676e-01 -8.819346856058429829e-02 -1.261124401569813924e-01 3.796153955802761271e-02 4.711969211557871795e-02
1.608677915903264644e-01 3.590897322524110868e-01 3.337803797678274426e-02 4.319920975218835557e-01 -3.538552770523017421e-01 -1.224474234603909611e-01 -7.067765656674826480e-02 2.655438515167123925e-01 -2.816430332234637901e-01 2.255946359308939608e-01 1.176911692466008769e-01 3.975023156823876969e-01 -1.309760002713685444e-02 2.809220171603240557e-01 1.297638005928576088e-01 -2.091091682386563566e-01
6.297281825943877587e-02 3.309213774736183833e-01 -2.747450143078653539e-01 4.098406832491813256e-02 -4.456140036770316337e-01 -9.841507210960520613e-02 -9.433884654964061478e-02 3.351379839067164523e-01 -2.971487044496824437e-01 9.031731158162137341e-03 -8.497493476931983550e-03 4.111594361252129959e-01 2.800557030065304320e-01 1.717752769557347528e-02 -2.573265510312390814e-01 2.782801902530427918e-01
5.136357678971061741e-02 5.283301662540124122e-01 -2.702151766479070627e-01 4.380473462626518488e-01 -4.319446521306129494e-01 -1.705221266214982656e-01 5.495534152402217071e-02 3.548671397381745196e-01 -1.550588657771747314e-01 -6.368405768091959553e-03 -7.523542314859973934e-02 1.558466233803025014e-01 9.969732910489573219e-02 -1.663444295585778387e-01 6.792479552883030902e-02 -1.116530011242894138e-01
3.662849688135129400e-02 4.240817863571327839e-01 -1.203966717207737430e-01 4.571857863907144992e-01 -1.285263206426547344e-01 8.100079210319317824e-02 -2.032213781139680098e-01 1.670161208988438506e-01 -1.143865960097069229e-01 -3.004028968870700034e-01 2.876199768271967550e-01 3.731729935680382915e-01 -2.651659834122147563e-01 -2.437303882985226988e-01 5.929192402763743160e-03 -2.190049063610106928e-01
-7.181694616885532512e-02 3.673433382346945053e-01 -3.265144278770226727e-02 3.414544896324857581e-01 -5.387814724938412292e-01 -7.207816077901238461e-02 -2.890462604587024642e-01 2.567607852883312947e-01 -1.297751779324780586e-01 2.782260065633242463e-01 -5.434484561350108600e-02 2.392515983547739700e-01 -3.282792995168737349e-02 -2.580287972143984754e-01 8.358595854738387620e-02 -2.611516652092329971e-01
-1.164691767438687103e-01 3.111638657888167736e-01 -3.105207432515988963e-01 5.688397403408215203e-01 -1.940167746819720096e-01 -4.502140762720888839e-02 -6.076591318495977445e-02 3.036040227759873034e-01 -2.747550466703523875e-01 -1.764914796318122620e-02 1.476175619658340321e-01 4.554102865998064797e-01 -3.228309558844780908e-02 2.799076448907777265e-02 -5.154627848564606596e-02 -1.568402392316688154e-01
1.715939929883463985e-02 5.486002621174054239e-01 -1.313759193289765204e-01 6.030871257492410181e-02 -5.853421485426226756e-01 -8.232512065535282919e-02 -4.656866025925451152e-02 2.363173397476920068e-01 -1.985530517827610586e-01 1.548629954884669924e-02 2.122819347226486131e-01 3.204030521693707056e-01 -2.326337762699566547e-02 -2.328891448302965461e-01 2.148438030645326291e-02 -1.667457953973643936e-01
1.134826069935851167e-01 5.951296134565806639e-01 -2.689041690956674446e-01 3.191729241298981723e-01 -3.763667696125030937e-01 1.405120105241041972e-01 -4.699141179652616823e-02 2.743837206786396421e-01 -2.944456614902742908e-01 -7.012937104902147722e-02 1.642751612540941653e-01 2.160697177173999117e-01 -7.881529077287124929e-02 2.151439582213656720e-01 -2.792639439012239988e-02 -3.611038659477569523e-02
-2.963275707223608432e-02 1.644150560927412075e-01 8.179463124695052212e-02 1.950352400389549212e-01 -6.171400565395178672e-01 4.510574948922945263e-03 -4.726178304956198117e-02 3.778889687055321800e-01 -5.958641506201967780e-02 1.993997784536472861e-01 3.677682805402067712e-01 3.590894539288719267e-01 5.794968448559775082e-02 1.570332684110788690e-01 2.380396592767851649e-01 9.620025827366809890e-02
-6.712489287550383980e-03 3.137226311754847119e-01 3.608209150023894592e-03 9.902777705251677998e-02 -5.696899723641747348e-01 2.722020279342048377e-01 -1.374959665484623561e-01 4.615128110815928109e-01 -3.832442932121012807e-02 5.665280582648341695e-02 9.842631752993342975e-02 4.172483422428952538e-01 7.260718418438266014e-03 2.723782891180000915e-02 -1.362169426268941830e-01 -2.310017639525465127e-01
1.352919259927727325e-01 4.006415440983921994e-01 1.309778906923753095e-01 4.250800767416552106e-01 -2.607009039286365404e-01 -2.448517157793779209e-01 -1.206019049058168480e-02 3.605325207635308171e-01 -2.286539718897020318e-02 2.694355627621368154e-01 -9.706269983650606115e-02 2.086753582392077422e-01 2.285266855753732840e-01 -1.534673823677590310e-01 -3.183581374293149024e-01 -2.491469221461630190e-01
2.073078581028137135e-01 2.127044111168842622e-01 6.533998121552142546e-03 2.511445155597719636e-01 -3.059112691409912599e-01 -4.683944186715405938e-02 -2.852162055697924359e-01 3.027297936541352152e-01 -4.179402339251325760e-01 -1.440232242820953593e-02 3.365254028067964920e-01 3.506482162017138804e-01 1.716604200042325112e-01 -5.919511774098382140e-02 2.604099816339607298e-01 -2.608161618194215214e-01
-2.168524820594841807e-01 4.188012513139149906e-01 -1.103781159426029529e-01 3.552725399963747033e-01 -3.630032385566254738e-01 1.116417068091395959e-01 -1.548512075111077857e-01 -1.557960939031796145e-02 3.472283754374260161e-03 1.058097669280612663e-01 1.489119927164025414e-01 5.337157558135319224e-01 -3.322036250556742454e-01 9.439796670040344340e-02 1.800868992068572760e-01 2.802133430626543506e-02
1.211909846495795307e-01 4.094026732645700273e-01 -6.302915684508825223e-02 2.428102732661500396e-01 -3.840816827281508528e-01 -2.780271505820462730e-03 -2.934169998114795064e-01 3.026196920387418388e-01 4.803680422518030735e-02 2.518180912504535129e-01 1.588042413426226374e-01 5.383567062657050872e-01 1.845044125781093169e-01 -8.924838343552125852e-02 -2.844547645582424025e-02 7.740217706290077049e-02
1.587365645849759255e-01 4.978124066627025446e-01 -5.349702992020935466e-02 3.998384067022689448e-01 -1.919443332711849581e-01 -8.784814366502387631e-03 -1.440192892595274776e-01 3.932042290344027191e-01 -1.381314293409990623e-01 -8.557912072507121992e-02 1.285593567252802660e-01 4.371204245866822657e-01 -1.683379924387156182e-02 9.799188167729254439e-02 -3.215046170605675435e-01 6.873899746867415117e-02
2.076619240207683292e-01 3.023353535054322250e-01 1.403227891060690180e-01 3.708779467974412936e-01 -3.029450924958386748e-01 -9.954402026963218852e-02 7.750494458356439742e-02 2.536459319585308569e-01 -1.124801460982813132e-02 2.762188209511881598e-01 5.988914635062487779e-01 4.491388406268519845e-02 -2.530744204755576710e-01 -1.236400025499058003e-01 1.041458642908367066e-01 -9.438980874932421938e-02
2.232646486617201886e-01 3.045141913640546649e-01 -2.772074574598908624e-03 2.640985331281323067e-01 -6.749767070123056101e-01 9.279059254952654046e-02 -1.153273495152518646e-01 4.941205552570943071e-01 5.097783890030641030e-03 1.388093202097236134e-01 1.772807879817749899e-01 -5.083478941533197543e-02 -1.247154463165618676e-02 -2.609024072789516147e-02 7.968506967726746160e-02 -7.427311608577231994e-02
1.169791423485347509e-01 5.032073873251762253e-01 -6.571988729084743408e-02 4.594450130732005699e-01 -2.329941858365827401e-01 -1.043826020272747984e-01 -1.314137649475461411e-01 2.758332314465966606e-01 -1.606729948321880264e-01 -2.954673515410611850e-01 4.513310926041851356e-01 8.247137243327209988e-02 -1.679366382536267854e-01 -3.780039353520571466e-02 -4.613073185325155395e-02 -6.145027573419085259e-02
-1.478180033331230082e-02 4.339258188819375417e-01 2.699185493030317740e-01 2.641520375322492509e-01 -2.275776693893293012e-01 2.554446923252985946e-01 -1.300169101674245598e-01 5.491770709222123514e-01 -1.588995083946801445e-01 -6.158152461037187664e-02 7.226552455694515431e-02 2.254304875733999236e-01 -8.761196727970879672e-02 -1.234323939346430171e-01 3.119788875519275972e-01 -1.673001303901095194e-01
1.350193186086886821e-01 5.850938551043324276e-01 1.275824936388646469e-01 1.398992404828050817e-01 -2.300844394853295838e-01 4.510077256658532319e-01 -6.476107322116160525e-02 1.729549880752201951e-01 -1.660416625420526593e-01 3.593540358473966412e-02 3.122123952816177606e-02 3.729669845987629850e-01 1.339377735788270518e-01 7.195160217288541771e-02 -2.940685713694746739e-01 -1.860070495968396964e-01
3.250202620077797047e-03 2.357756939020238807e-01 -1.938603357262085394e-02 4.406047723782671732e-01 -2.041430406986785295e-01 2.279265954293816648e-02 1.839740074071103126e-01 6.470252159487930310e-01 -9.023300434860104247e-02 2.155418412576250720e-01 8.773958787864831466e-02 3.429654489460942646e-01 -1.748388709950975950e-01 -4.011518885367423848e-02 2.130298548748503842e-02 -2.065270720784772029e-01
-2.383622003896591623e-01 1.889671229935706021e-01 8.881401962273036133e-03 4.270467420156958127e-01 -3.503951986804931251e-01 -2.711324990290332471e-01 -1.569203890209980856e-01 1.238587697883967165e-01 -9.709703478145605138e-02 1.778685547874311601e-01 3.872071270102610541e-01 4.490134388099330520e-01 -8.380567354623302823e-02 -5.821935372026845051e-02 2.740563302042036131e-01 1.031756632045957162e-01
1.038917566341557297e-03 3.447622147661975611e-01 1.483028915637464862e-01 4.273867514347265972e-01 -3.660823557499305880e-01 -1.988394284676062995e-01 -3.307983937671065550e-02 1.894506963015731571e-01 -2.330159403464772128e-01 1.684926691895014539e-01 2.346807514544518025e-01 5.108427261685282161e-01 1.263484158517365064e-01 -1.437069716566184187e-02 -2.158457751054709550e-01 6.681399254488983031e-02
1.881226920214545961e-01 3.136078295888599654e-01 1.487021487203791237e-01 1.297060171900963066e-01 -5.818612576892833177e-01 -1.399356363005940518e-01 1.516962035189278191e-01 2.903532384821988499e-01 1.461809983352483078e-01 6.077594985354532742e-02 4.236440282103356991e-01 2.799809034655262319e-01 -2.503161224456693090e-02 3.154297663899226223e-02 2.278877200272595993e-01 -1.593180217284008715e-01
4.537386737463017239e-02 5.003659685395963619e-01 1.763311731805398963e-01 3.764363247279113867e-01 -1.757562759240243189e-01 -3.388219531244148625e-02 -2.525659659975841853e-01 2.190607575900624659e-01 -4.245621868326356907e-01 2.309828865415327823e-03 2.871506360621509657e-01 2.151204845424747603e-01 7.208171548092860703e-02 -2.295246783400907709e-01 2.102571512943213206e-01 -1.410196734237377791e-01
1.476652012840765360e-01 1.661725519226463776e-01 -3.364029552514407606e-01 4.328058765179085832e-01 -1.280211932188156099e-01 1.050498553696845028e-01 -1.739695080777219072e-01 3.351019148037721052e-01 -4.020473029309040713e-01 -1.549765921500501908e-01 1.480113928756845443e-01 4.822574909129722087e-01 1.582619404606862290e-01 3.010671995256411493e-02 -5.556255683489940561e-02 -1.045481860997231616e-01
5.591898211049458473e-02 1.653272929033682281e-01 1.930293610186449571e-01 2.477790375457979977e-01 -3.751469509097757893e-01 3.997159975044019264e-02 -1.142422677862108410e-01 1.614019253330512549e-01 -3.876673078198412670e-01 9.780193543455718841e-02 3.531850642550967700e-01 5.437907305006619563e-01 -7.712593172761753046e-03 3.434157373010601061e-02 3.284929539023795364e-01 2.161093091371326519e-03
6.156635222362510235e-02 3.928512541496014254e-01 -4.010547268896895723e-01 4.115400086107895983e-01 -3.783798827212255800e-01 2.156075413671404151e-01 -3.672069535266541673e-01 1.923666771763188621e-01 -6.256947678574080463e-02 9.599519723052475639e-02 1.341083897984904905e-01 2.460416759919860918e-01 1.281868136583079291e-02 3.265201280206813175e-03 2.312314306353472071e-01 -6.977845290236216191e-02
-2.044813096613127823e-01 1.111878228373077981e-01 -2.811012646987947131e-02 4.614189610799879215e-01 -3.061787734435282293e-01 1.201025801829496559e-01 1.414194654845138746e-02 1.155545864596081440e-01 -1.344927132896949207e-01 -3.232739015449171971e-01 3.314515428681316656e-01 4.742765540620235698e-01 -7.543563327477213754e-02 1.932481005156753695e-01 -1.992794568452543880e-01 2.650731061949862521e-01
2.592706381936408788e-01 5.115946036135318176e-01 -9.858011255355676739e-02 1.525420403470003072e-01 -5.078071886139833291e-01 2.978932785938491201e-01 5.579166346254233605e-03 3.126973638299525016e-01 -3.950511586984929990e-01 4.912667335289531284e-03 3.690675555213270009e-02 1.130668694827937082e-01 -3.609706924416491991e-02 -4.285864130300934272e-02 -1.289734476879866518e-02 -1.417790163010397286e-01
