9.273241059230157013e-02 -4.612766794322024216e-02 -5.985115390897358112e-02 -4.879545563186090118e-01 7.110220025777787278e-02 -5.601167244384816502e-02 -5.410418624069465166e-01 5.027321617606150816e-02 -3.763083176155512799e-01 -1.870858637270658709e-01 -3.784516045102232634e-02 -1.944892820362245645e-01 -1.685856570812670208e-02 -3.345755238313619651e-01 -2.483916009504850697e-01 -2.331390529907613196e-01
2.305834476797900823e-02 2.107031903031879316e-01 -1.441446473128748240e-01 -3.168983754049814472e-01 -3.019530203483147268e-01 1.605513188958396231e-02 -6.083534986615153350e-01 2.238671744009270992e-01 7.681721922502214583e-02 -2.319005195338892100e-01 1.033916029747527637e-01 -3.030023890778314466e-01 9.548945477795471246e-03 -3.325194510605590792e-01 -2.061370633013896170e-01 8.303294371475114510e-02
4.103614269515778457e-01 -1.996903726199276280e-02 -1.767095554211375596e-01 -3.199533272689606411e-01 5.593538149263101861e-02 1.435228562117101979e-03 -3.179708064212877217e-01 1.345642321013212905e-01 -3.102953762133537352e-01 -2.476941548065254295e-01 1.187455493150823965e-01 -7.579339498195098931e-03 1.139216849613712834e-01 -5.769706472283571141e-01 -2.292158621143626229e-01 7.111813359511319488e-02
7.518180026611354094e-02 5.195532073414630553e-02 9.860160211197964431e-02 -2.673087126495497512e-01 1.553710363174791997e-01 1.982548258190386381e-03 -5.748605798429614611e-01 3.157567107337039269e-01 -3.572923834969595758e-01 -2.471816156511178753e-01 -2.305702196430146345e-01 -3.309227980924929202e-01 6.899215895478220430e-04 -1.992671428860809113e-01 -2.168735586053986975e-01 -1.341264632787025901e-01
2.019745601815018873e-02 1.250680803122316276e-01 2.371074621249498471e-01 -3.627221982606149697e-01 -1.278587405619212303e-01 2.291797661972042044e-02 -4.889290115094331313e-01 2.042363092272136416e-01 -2.201401919630597559e-01 -1.703371493370252898e-01 5.345023373653694232e-02 -3.992019482702781619e-01 -6.977133815191190191e-02 -2.597373024026398691e-01 -3.404105147268509102e-01 -2.657426591341915945e-01
-1.857040559624980602e-01 1.625074410926013735e-01 -2.364628519946345916e-02 -7.522244161325593315e-02 9.157889369695589032e-02 -5.083897261743696577e-02 -3.971063765544724511e-01 -3.743292801061516573e-02 -3.702919353285856752e-01 -3.474407724313240409e-01 -1.322294200843407777e-02 -2.162041054659847861e-01 -1.161101905240902038e-01 -5.090657922850222450e-01 -3.184077180522996153e-01 -2.899284016598452918e-01
1.813953359396174025e-01 -1.063828532416321304e-01 -1.469032779627599782e-02 -4.290327290920503689e-01 1.153914649915509655e-01 6.093079640140849559e-03 -3.238356522758865097e-01 4.663350933424444955e-01 -2.172598880741804239e-01 -1.769475397435094077e-01 1.297528863884201411e-01 4.139649479252627967e-02 -2.868047912866215632e-01 -3.841180158461952598e-01 -1.661666486810531307e-01 -2.851780178441917779e-01
1.263162130124102778e-01 -7.949877049127768158e-02 -1.059827640947208632e-01 -4.865205155782865720e-01 -4.355327744417164526e-02 2.447114021950997156e-02 -3.244696594192273964e-01 1.778683098644138483e-01 -5.592536887806705270e-02 -2.366167137494082640e-01 -1.144646647801041139e-02 -5.352306160928000933e-01 -2.272465253677279362e-01 -4.110435628002254149e-01 -6.808302672519313259e-02 -1.393740965622223549e-01
-1.241363466519462555e-01 -9.789525881856361855e-02 3.647796132140371239e-02 -3.839759590015778823e-01 -9.580304901967157116e-02 3.399060350006669756e-02 -7.024911160034330582e-01 2.159249880595250914e-01 -1.117020632135003189e-01 -1.104429376497624155e-01 1.331585442041103261e-02 1.421624852686059759e-01 2.042554104346654686e-01 -2.351473988579266816e-01 -3.280337588277821292e-01 -1.615684273478810995e-01
2.579154137225657673e-01 9.993281114195892711e-02 5.421997527096311664e-02 -3.773095690481098607e-01 1.162471727399752297e-01 1.288950465729227501e-01 -2.196719521144263609e-01 -7.286766374421774217e-02 -3.117256737208544681e-01 -4.927202626057017865e-01 1.424396587634222389e-01 -1.835030974203893939e-01 5.179306254790222441e-02 -6.097135712634683957e-02 -4.165860531884068019e-01 -3.473404546292718775e-01
1.100548155808297596e-01 -6.866739648424141640e-02 3.015072912040948072e-01 -5.508795882817401068e-01 -1.326831345328328693e-01 9.866663128324328069e-03 -3.279697838333135440e-01 1.677935816807616110e-01 -2.174841603343166119e-01 -2.642320309968155256e-01 2.238063813989491224e-01 -3.828389160348971698e-01 -3.975540979291296295e-02 -2.304083706584789670e-01 -2.569176132304996640e-01 -3.047458529881883621e-02
-6.306720235680242370e-02 1.606639968820851028e-01 -7.045027908420192775e-02 -5.605967454950314122e-02 7.053360967057850650e-02 -2.390635221024575430e-01 -4.993505405906468742e-01 2.254109745360564077e-01 -2.233090284644309587e-01 -2.662035999133589570e-01 4.752553401423248447e-02 -3.048331729501323473e-01 -1.915036329949676708e-01 -2.722669313921483036e-01 -3.061000106287674050e-01 -4.235597870842074397e-01
7.954032304325920136e-03 -1.113471082797672929e-01 1.059491954131346475e-01 -4.444851049042882196e-01 2.316988566797928972e-01 9.990829703351149574e-03 -4.125643406781997480e-01 2.104304940301940374e-01 -1.319039542747255100e-01 -3.133390344246045345e-01 3.008841525296116481e-01 -4.298355538323688774e-01 2.042628355542175089e-01 -2.680663861139777060e-01 -3.476401163506973209e-03 -7.750451940534755502e-02
6.085723438252288453e-02 4.953269447619705612e-02 3.207498995704701206e-01 -3.650622575326359920e-01 -1.222167549565284367e-01 1.566186674409656421e-01 -4.397764353643368040e-01 1.374092156605379034e-01 -3.918702728122868129e-01 -4.512326829854617499e-02 1.769714681020650715e-01 -3.220778737596045049e-01 -1.772848416057450083e-01 -3.050328741630248253e-01 -2.259483327834958810e-01 -1.994039006741206987e-01
-7.796469616701300065e-02 -5.651385674049207858e-02 5.236551055741010124e-02 -6.862944438075515574e-01 2.077476528721892146e-01 -3.606058725870436299e-01 -3.198639037104070160e-01 2.088329136504082223e-02 -7.873292800456944962e-02 -2.038728639186447866e-01 8.182685781439344441e-02 -2.221452409427780439e-01 1.647256182353113996e-01 -1.910015430773746581e-01 -2.001006490228509627e-01 -1.832408760331779851e-01
1.023688224199950994e-02 2.945397397048756319e-02 1.234848810115793810e-01 -5.191489608220415386e-01 -2.984581274098698986e-02 -2.424553633048165679e-01 -3.062199235641065442e-01 -1.279198609837090550e-01 -1.343652546412199278e-01 -2.107087765638960553e-01 7.477268266319503365e-02 -5.109687270038052453e-01 2.120242481062060425e-01 -2.261989978628973497e-01 -3.028292831512246486e-01 -1.658190422287524057e-01
1.216607872810761964e-01 -1.007972471678737214e-01 -8.910230445204424254e-02 -3.052776015435220702e-01 1.504730329626209617e-01 -1.405720827016762875e-01 -4.119128174413957955e-01 2.953760621318294449e-02 -9.831399841653230831e-02 -1.915610072774326378e-01 -5.371581609961390003e-02 -4.583590193854442663e-01 2.376532787339953046e-01 -4.429336869958315770e-01 -3.347252230234065706e-01 -1.921137721754841710e-01
-1.161301443315134185e-01 3.377573037244311488e-02 -2.130602183281049278e-01 -5.273719690354659040e-01 8.099254488740401103e-02 3.035006417977557658e-01 -4.433550652649513313e-01 1.669009193052438944e-01 -2.110897612813437962e-01 4.716417672586822180e-02 1.007788380554794222e-01 -1.455635626021799522e-01 -6.531731179550914757e-02 -3.651637817861886903e-01 -2.077882107712977489e-01 -2.825769372605583807e-01
4.713418020787398313e-03 1.704723244248233238e-01 -4.169938133420374171e-02 -4.976405542766532131e-01 -1.568446808244154667e-02 -1.360625266304668901e-01 -4.737831427585637578e-01 2.859890100457761486e-01 -2.082008812795246577e-01 -2.713026122485648339e-01 -1.526433659809126320e-01 -2.524176334109672903e-01 -2.906443613890222211e-02 -4.050475019407174249e-01 -1.542687702322861620e-01 -6.195457813089256388e-02
1.257595427189661386e-01 -4.177895053521836488e-02 8.168530264584268619e-02 -3.544294962298533691e-01 2.028655675080365539e-01 1.824099676047191976e-01 -4.237587162075147629e-01 1.449072562569022338e-01 -2.728841229057024642e-01 -1.920642460072304047e-01 3.477792167892404789e-03 -4.474329663663031975e-01 1.124109654594119233e-02 -3.981954525721435600e-01 -3.153144520991469357e-01 -7.400638513140024577e-02
-1.720660414241782440e-02 3.100561380055925631e-01 2.953328174783135737e-02 -8.925836086217329643e-03 6.044788957922412470e-02 -2.938844344243086715e-01 -3.110762363106268080e-01 2.266316315947657367e-01 -7.148831725734135223e-02 -4.962323871304000766e-01 1.140714017744810238e-01 -4.491257116315104381e-01 -1.788139264137177387e-01 -1.200711035563421514e-01 -3.279789551808150461e-01 -2.107602264835215788e-01
1.231472471662217044e-01 1.410723959911448500e-01 8.997566517435857947e-02 -5.349400454291266538e-01 1.809657355753756802e-01 2.600768024863610584e-01 -3.658130766630409147e-01 3.294443848046803014e-01 -1.898603615173820869e-01 -2.913285507296983212e-01 5.916796699335934162e-02 -2.028320764009830524e-01 -1.714670810441094595e-01 -3.643832199109087733e-01 -1.027238994280065508e-02 9.639397591629484188e-03
-2.381341494935889092e-01 1.265672449238731401e-01 -7.904519502454343538e-02 -1.767143248885220674e-01 6.637123615584869518e-02 -1.015445719656715845e-01 -5.777540779020703399e-01 2.153600666718744339e-01 -1.698833569845654701e-01 -3.910834592671328935e-01 4.927082575263926761e-02 -2.245361790068329255e-01 1.319124926796146624e-01 -3.295309913240332400e-01 -3.008777714453628183e-01 -2.091191994586647784e-01
1.034447126571491071e-01 1.093114224536456680e-01 -2.625895570757826314e-01 -3.700706803770753006e-01 1.097936361080529416e-02 1.569263257053341021e-02 -2.702431409333749257e-01 2.248764374319978110e-01 -2.606087008737204558e-01 -2.196471318574356180e-01 -4.303069925757212200e-02 -3.977559325111088701e-02 -1.646392845584406794e-01 -3.963497868988912765e-01 -5.248725289046525244e-01 -2.611343185291080116e-01
-6.767230147378425209e-02 1.197168570166198681e-01 1.706124737767447108e-01 -2.912449598731904898e-01 -6.869873358155434429e-03 -4.578227772915269278e-02 -3.833563162102332500e-01 2.695458448610139057e-01 -2.095792283773953990e-01 -1.850916326776443632e-01 -6.365278577101549096e-02 -1.465593683309733553e-01 -2.750133807349277593e-01 -5.935507935839231530e-01 -8.724248947718975244e-02 -3.257852114067488203e-01
1.695603916819304544e-02 1.632227269946661882e-02 5.620853854111265702e-02 -4.956609192625974214e-01 -2.670658967397308015e-01 -7.305852015565726665e-02 -2.581239567579429184e-01 -7.084074844478474575e-02 -3.471953251438495425e-01 -2.862608700968375941e-01 7.920599860051830143e-02 -2.767671724733265504e-01 -4.909888840532456583e-02 -5.568667221446880200e-01 6.627908557258924138e-02 5.576595420307961341e-03
-5.214571906427109549e-02 -1.474828466331631338e-01 2.838912937225500643e-01 -3.341290611138095223e-01 -8.662845918278026802e-02 4.531382331569988597e-02 -4.573109197293772077e-01 2.126276981511151798e-01 -1.988731246365105509e-01 -3.946314716202092843e-01 -8.836720308740317331e-02 -1.744860945365885041e-01 6.274582081575726111e-02 -4.809262183240526345e-01 -2.106760261134994205e-01 -7.900226963267832636e-02
-5.680128498716120744e-02 2.652486848511821996e-02 -8.008897394125021052e-02 -1.431831756707768466e-01 1.480149397277077117e-01 -1.793139336763983349e-01 -7.781740925687309351e-01 5.103678354096646830e-02 -1.153529740254458369e-01 2.029564996071894223e-01 2.144230591238880657e-01 -1.133117223990478262e-01 1.418251928795241368e-01 -2.408182282965528609e-01 -2.491208489808008630e-01 -2.311911614714637075e-01
-1.406815225754393939e-01 7.079259222108562344e-02 -1.291670736619225657e-01 -1.201706799639352397e-01 4.784103294394969480e-02 -1.264432354373536127e-01 -5.056929441344678589e-01 4.745521906792370820e-02 -4.459960913413094086e-01 -2.667628710101359046e-01 -1.596506276471233027e-02 -1.080135067310405705e-01 1.132992372958112337e-01 -4.297688679867123218e-01 -2.738572463775107435e-01 -3.365790440644456649e-01
8.116475938378325816e-02 1.415324632552406314e-01 1.136047689577651537e-01 -3.917590637636595985e-01 -5.031392130645209737e-02 3.955900369197777600e-02 -5.118004882584584747e-01 2.045046745065079719e-01 -6.849441558796297291e-02 -2.410609320699490798e-01 1.517196564812069437e-01 -4.822981655209671592e-01 -1.004196220906089232e-01 -3.415919974686958960e-01 -2.272014092925865314e-01 4.816038617329290034e-02
1.603694958454141006e-02 1.156229956567513262e-01 9.540282841973218853e-02 -4.095008814066072311e-01 9.532099034735065646e-02 9.516326288468210381e-02 -6.954715389591504815e-01 1.474824863497319616e-01 -1.776304913922384376e-01 -2.466958647628073042e-01 -1.299726920598365532e-01 -4.516893987061004756e-02 1.507245049630853012e-02 -3.876077502750170933e-01 -4.038651009491941307e-02 -1.502164853996978133e-01
-7.950107764649867390e-03 -1.164436654364024853e-01 1.890623152651206840e-01 -3.236079446556209827e-01 9.226334489259827021e-02 -5.586964518445042271e-02 -3.386587630114394898e-01 1.130118772123539228e-01 -5.167563324130673985e-01 -1.353563780472237521e-01 1.629009554076712440e-01 -5.304669123176425360e-01 -1.247286585142149962e-01 -1.586835744057356334e-01 -1.798225325582220313e-01 -2.011254401837686001e-01
-2.124424473497131260e-01 2.743862385205662613e-01 -1.090574977378163529e-01 -2.888839227617548966e-01 5.763320637418706954e-02 5.743550088649927721e-02 -4.499260760782025637e-01 1.452954480967171558e-01 -3.687683786495616345e-01 -1.690657704477754042e-01 -1.308333883137708931e-01 6.018952515478880050e-02 -1.105081724853319708e-01 -5.113593387497969989e-01 -1.702720070125595883e-02 -3.078382924172899937e-01
4.598879293408221491e-03 5.399287974017663583e-02 8.586568385347262411e-02 -2.623529381752395251e-01 1.983766488181973320e-01 -3.360959325592471209e-02 -4.855914300770460823e-01 -7.268582152813334030e-02 -1.281610178142759127e-01 9.471518350003173270e-02 1.415717024710129168e-01 -3.458271261939310781e-01 -3.138473833155695086e-02 -4.757748915218100172e-01 -3.838118025174000469e-01 -3.155995321036270118e-01
-7.017820483477617451e-03 -3.622755350328889234e-03 -4.033611586447952840e-02 -4.303127577862446707e-01 3.560755567490808682e-01 -1.970773887598427643e-01 -3.445425706978830216e-01 2.074402195188703169e-01 -2.571820051544264629e-01 -2.047281828626654199e-01 1.947157945338237883e-01 -3.169504031885327366e-01 -5.660964481126111447e-02 -3.866482797173417807e-01 -2.733830909174246315e-01 1.091025080443822765e-01
-1.378220171860043974e-01 1.319787819861060751e-01 -4.569238251204967016e-02 -3.612272386116293088e-01 -4.745932073962529085e-02 -2.067547994696245506e-01 -5.533695086707325350e-01 2.218908811974182882e-01 -2.449416983081915133e-01 -1.056301482172907341e-01 1.012037534917041050e-02 -1.733497980608141587e-01 7.411659398461793724e-02 -5.009076965757666144e-01 -1.774997278781327570e-01 -2.033366390467171991e-01
2.067462602354450951e-01 2.411198978348048638e-01 2.957261186101417874e-02 -4.604192344575651075e-01 -2.414505764743898539e-02 -3.042796878856369666e-02 -3.297294569577042811e-01 7.872178488360878634e-02 -2.769503693551005341e-01 -2.038701887844955873e-01 2.877360168486388647e-01 -2.279792821647949053e-01 -3.126736377286456342e-02 -4.052681437086753102e-01 -2.743831030366469248e-01 -2.762103466528571527e-01
1.421719929809616700e-01 -6.694923470860472334e-03 -4.081039255802631355e-02 -2.712338488479348331e-01 1.529665759720783280e-01 -1.221101493628555697e-02 -5.188448153405473828e-01 5.758554961791020887e-02 -3.918712936283710313e-01 -3.389962402876407488e-01 1.645830625902619249e-01 -7.535673638882685321e-02 1.365466589445346879e-01 -4.938559671647283489e-01 -1.790295209056979586e-01 -1.122810477784865341e-01
-7.375553261230960445e-02 -3.347064529896930096e-02 1.365516123503318080e-01 -4.784080034063115661e-01 1.103298894636372401e-01 1.013158487084685755e-01 -5.568572935201642204e-01 3.353385513885764335e-01 -1.399130020303976651e-01 2.380540396718616031e-02 8.237023949701104131e-02 4.355421911948535729e-03 -1.004571388660194797e-01 -3.034300762701466758e-01 -4.008474617110552862e-01 -1.056096335871627018e-01
7.015221974700272534e-02 -2.720749992644668769e-01 -1.624627948181845416e-01 -2.703459524608538000e-01 1.435728743548952135e-01 -4.063861677036029185e-02 -2.260954908786022288e-01 4.366842680672278765e-01 -2.848191127908667464e-01 -1.346629401346878252e-01 1.313823938531359647e-01 -3.245635764526008105e-01 -5.630671397555056523e-02 -2.370376175979004296e-01 -4.876186212317335511e-01 -1.962337833631022932e-01
2.755323627487193394e-01 3.378023715525911574e-02 1.566343248911815644e-01 -5.452538286499702264e-02 1.318428132222159051e-02 2.118768067336226635e-01 -3.196983723238461805e-01 -3.334686842751659330e-02 -2.370485757752116007e-01 -3.609789860876819884e-02 -1.234819941629074908e-01 -2.968943394500336286e-01 -5.162355587784428490e-02 -6.286704570811709747e-01 -2.472960878175202715e-01 -3.565288020906243194e-01
3.442290114479251012e-02 -1.537821221416660888e-01 2.336073139835560530e-01 -3.737748664914671282e-01 1.938023476691712876e-01 -2.933253902875402122e-02 -3.576846542640160220e-01 8.307534848467286459e-02 -9.229813801982315880e-02 -4.199214143620020878e-01 3.545904141952317956e-01 -2.602007951813830045e-01 7.015198284784225635e-02 -3.858555208126379643e-01 -2.211981524374424524e-01 -1.630961652970014664e-01
1.020757304087637901e-01 2.997463177867579209e-01 -2.994170963642434936e-03 -2.647921965416680790e-01 1.595160738506619380e-01 -3.922729143145978203e-02 -3.174776435642222561e-01 2.291898958578339751e-01 -2.043783579579512288e-01 -5.508541651173527454e-01 -6.596321838378427227e-02 -3.228659575004105275e-01 -1.111499287601089847e-01 -3.819115868206306441e-01 -1.930599054580842411e-01 4.160055509224391129e-03
9.526820750125054860e-02 4.806125814620718605e-03 5.108822742701301343e-03 -2.139059805853794072e-01 4.599602629492643979e-02 -4.305766061607585460e-02 -5.098255143559426994e-01 -2.551648255761208156e-02 -2.901049668777903601e-01 -1.714258716483860745e-01 1.813914645767190081e-01 -3.112431584461524126e-01 -9.224283397743500423e-02 -6.148379383691352507e-01 -1.537077809103410686e-01 1.645990810487758249e-01
1.531459333648168240e-02 -1.320261589959698389e-01 7.177087153693789863e-03 -3.376899071142801523e-01 1.117385743318925623e-01 -1.746672910397732703e-01 -4.715889452110064162e-01 2.208996836755424409e-01 -3.971353225996013259e-01 -3.481821237406122482e-01 6.245043815248998292e-02 -2.793827557077966373e-01 1.556561808267205999e-02 -1.671074167415971257e-01 -1.993926025704681193e-01 -3.538855369486896274e-01
1.916093695895489113e-02 -1.502917290701604458e-01 3.343048665912561751e-02 -3.198747210245461159e-01 -3.025925164529018607e-01 -5.994685410683872791e-03 -2.477978944482392976e-01 3.568385558117254663e-01 -2.593640621579271777e-01 -2.525459407149481805e-01 4.547892210380102829e-02 -3.830920170692244109e-01 4.551420729224268241e-02 -5.458437598248758738e-01 -8.197856127638025736e-02 8.159453954288010957e-02
-1.191196546517750698e-01 6.301260128843394481e-02 1.701554764573716405e-01 -2.791075235950967737e-01 1.913759928363056306e-01 1.741533152995812517e-01 -6.640001285990594360e-01 4.777928257817178753e-02 -2.153518577926025190e-01 -7.540348621883147251e-02 -9.132106943944326427e-02 -2.183902736179564319e-01 -2.962746072321336202e-02 -4.883483603809172791e-01 -3.998719607865369036e-02 -1.256821565795153139e-01
-2.343276606747135837e-01 -1.533305389485172532e-01 1.356238208886989018e-02 -3.417358782744719936e-01 2.389508079924793915e-01 -1.606777586096425625e-01 -1.328140756213146700e-01 3.524593736108921349e-01 -5.249032707465046688e-01 7.819914401525049352e-02 1.296985130069096825e-01 -1.729729656974313412e-01 -3.515007953947456298e-02 -4.401031004693061188e-01 -3.170741351718669304e-02 -2.356255439662224560e-01
7.862871872533856721e-02 1.153980282530863849e-01 4.209540180334425674e-02 -6.007681551466326209e-01 9.400724842956557914e-02 -4.080600168989954174e-02 -3.727379470327980560e-01 1.817158121401277748e-01 -3.732640033505417176e-01 -1.014038655205035631e-02 1.479494413716154200e-01 -2.610714639166011874e-01 4.427484467952345210e-02 -1.783522504113800311e-01 -3.677495371929889734e-01 -1.920000395577226571e-01
1.142857461442982059e-01 9.814072643613374583e-05 2.494359061674482347e-01 -6.530908364720040549e-01 6.701313625210680858e-02 -1.883174717024167222e-01 -4.911626778779362157e-01 -2.231601324371706302e-02 -1.882587546478208251e-01 -1.939181305493673790e-01 -7.383607018674494260e-02 -1.446562019102320129e-01 -8.743196259249401414e-02 -1.335009061199573799e-01 -2.541094922631647046e-01 -1.644341184681997470e-01
2.174782207380475119e-01 4.270523884726835084e-01 -3.184121342695467316e-01 -1.512201112336862829e-01 -2.227047156487370616e-01 1.074192857826905267e-01 1.409601449714304455e-01 -2.536254135161546963e-01 1.566239831151849948e-01 -4.285004203246026155e-01 4.660129612460509746e-02 2.403188238454176048e-02 -3.009123461899119167e-01 -2.876095090706543012e-01 9.363495190294700288e-02 -3.283533112959364786e-01
1.841433999434781144e-01 2.001720189099005093e-02 -4.834572778643340674e-01 1.897958298790375087e-01 -1.572508261606639923e-01 1.766009376417200238e-01 -7.211516698021946947e-02 2.132570938559534904e-02 1.801922546529788061e-01 -3.114349171022067209e-01 9.615474424026330957e-02 -1.210666739687103477e-01 -3.505376062202020804e-01 -7.803318947990574295e-02 2.257830840354261570e-01 -5.486878921099259676e-01
7.695138861380620976e-02 2.763980236399611323e-01 -5.856536598799346738e-01 -3.515326436369212160e-02 -2.238748082264024053e-01 1.595437671917607492e-01 1.472022796219975005e-01 -1.362052805174289172e-01 1.712204370075284532e-01 -3.741785155917546346e-01 -9.219444203140506056e-02 -1.695072838263772573e-03 -2.384669806769059985e-01 -2.115326665384346383e-01 -1.385919770668132267e-01 -3.987645019695681414e-01
-3.933714035965681782e-02 1.431881101922156119e-01 -2.777743420229145666e-01 -9.316340378272865153e-02 -2.168816501945528274e-01 -2.150347095590876834e-01 1.040646921235976324e-01 -1.881608585260534372e-01 3.067536523178280294e-01 -3.842406193408375858e-01 2.280166143189452099e-01 -2.636987800070790811e-01 -4.667344441381492404e-01 -7.421544811021027477e-02 -1.154378000014824775e-02 -4.072477029752941680e-01
-2.619668107897170709e-02 3.047861084589831848e-01 -3.609194502114163594e-01 5.175713281280810985e-02 -3.011959376071354222e-01 1.966786700671506738e-01 3.159746374978933958e-01 6.556026755727323296e-02 -6.481422308235285090e-02 -4.704008180119151894e-01 2.407041553428330705e-01 -1.552437423821152185e-01 -2.690759421480805602e-01 -1.868983420575306281e-02 -1.844228671563470645e-01 -3.544827355663295321e-01
-1.909462208807858885e-01 3.928981171704561404e-01 -4.240447332691088533e-01 1.160758840948185600e-01 -1.121180863237683928e-01 -1.361625180990624819e-03 1.169315510383217710e-01 -1.206341861419603229e-01 1.706052287804136480e-01 -3.157968547721405894e-01 1.060690766521019679e-01 -2.552245064481032388e-01 -3.884531487946492057e-01 7.471641374877381614e-02 -9.841491904685321403e-04 -4.619326732857385043e-01
1.806692929505366862e-01 3.052492415486719457e-01 -3.296815610146398567e-01 -1.087801395755429446e-01 -4.120518347917829227e-01 4.571147506786914921e-02 9.263073616691748502e-02 -2.651271812196800970e-01 1.123750560365029960e-01 -4.008299291761586169e-01 6.225652094895310629e-02 -2.097639984776450139e-01 -3.111324318994675986e-01 -2.423828227314889505e-01 7.666070625644601233e-02 -3.468573857478738365e-01
1.622182721329826494e-01 2.496013546746509437e-01 -5.254654071922553182e-01 -1.504963193160073834e-02 -2.890890559945509253e-01 -3.703559876493187769e-02 1.211895416072443325e-02 -1.303605595391269523e-01 1.094246895489892762e-01 -3.396000874030452032e-01 -1.092650362154896082e-01 -5.255157797652845741e-02 -3.232984612797681345e-01 -3.231061872872726948e-01 -8.525211258115852897e-03 -4.265729326370160668e-01
1.992843778061003934e-01 1.002776796904545908e-01 -5.819213230050218622e-01 8.414316472846776473e-02 -2.658556595515470522e-01 1.977042809095525822e-01 9.726845766507263846e-02 -1.948248224097304804e-01 9.272278678618356418e-02 -3.820001545009854005e-01 -3.117824509747586098e-03 -3.232638508571760161e-01 -2.967245434129122117e-01 -4.178080505523381477e-02 1.225518901729064081e-01 -2.889508941712183865e-01
3.756681821330602744e-02 2.642372206042928329e-01 -6.230604818408852497e-01 2.680650742674163256e-01 -3.178251142925953565e-01 2.510600593431325592e-02 5.546064055850870311e-02 4.373666670072709484e-02 6.327889649791801352e-02 -3.100756914765859795e-01 -2.191446790719780296e-02 -8.562939019182735922e-02 -2.930485224031201819e-01 -2.880945676197580463e-01 -4.430862716962125775e-02 -2.885642450083665822e-01
2.096824913697220849e-01 3.288676347085921908e-02 -5.603817146124560056e-01 1.328666602060108066e-02 6.359424213321508701e-03 1.087476216524835976e-01 5.780619627818910783e-02 -5.934815944043099478e-02 -1.922310876431854859e-02 -4.089178193282575480e-01 2.238663759209647691e-02 -2.543894836877600985e-01 -3.959396692697351172e-01 -1.933799768126311380e-01 -8.867481667511570298e-02 -4.326563556828322832e-01
-9.420876537611888590e-02 -6.021596352762275534e-02 -3.572065533918893365e-01 2.245814639044478589e-01 -1.171726513447492179e-01 -9.983652437718670836e-02 2.066857919480709072e-01 -3.413891388817846817e-01 6.207610797437729949e-02 -2.065330303225282049e-01 1.913541104926670955e-01 7.402217379591874424e-03 -2.897577625126421252e-01 -3.348346189640242776e-01 -3.467335938961012970e-02 -5.882571877335140975e-01
1.669362983732955996e-01 3.056654442275287265e-01 -3.384399085855051559e-01 -1.525703533877263152e-01 -3.062652089016550394e-01 1.922734192585715679e-02 5.039875315708891405e-03 8.530420653109985207e-02 3.530098943123278349e-02 -4.840902414615020910e-01 -6.317868800133313693e-03 1.548055091152359709e-02 -5.012147840351808270e-01 -2.072399271853362368e-01 7.853586150428538970e-02 -3.212627177637731313e-01
1.715715535640719713e-01 2.024505820585907889e-01 -4.416463380497175906e-01 1.237423670882607657e-01 -2.289600540928203865e-01 1.462604451209127410e-01 6.051867342043024817e-02 -1.879419013180752274e-01 -2.226407327593689280e-03 -5.065947270694948212e-01 -8.058269579911035707e-02 -1.852364299951070881e-01 -2.841243783115136035e-01 -3.761634050418537862e-04 -2.233785089239476510e-02 -4.772198094689175663e-01
1.465696606470253127e-01 3.791005654319413304e-02 -4.671020648403982900e-01 1.944306843151705488e-01 -3.059360166443225171e-01 3.197924424542075011e-02 1.844107870660527670e-01 1.519491935016213657e-01 1.851555117970940176e-02 -3.299057391591600497e-01 5.535588954709891318e-02 -4.710021043657114381e-03 -2.370276279878511250e-01 -3.802490931111592865e-01 -1.185381426015854472e-01 -4.922268546211168716e-01
8.498361202028004158e-02 3.001178532264380805e-01 -4.950416955718476841e-01 8.085314596289844280e-02 -2.507080626764232600e-01 1.056141503229261064e-01 3.305575123320472763e-02 -6.479956242945493494e-02 1.816717784317339879e-01 -4.442383331094435506e-01 8.614406744275261707e-02 -5.089133715938391755e-02 -2.177001818290099089e-01 -2.557108811013756866e-01 1.709752474542714298e-03 -4.676062376664215647e-01
1.500242137226485695e-01 2.901147448278366126e-01 -3.699451235827946327e-01 4.155130013735271188e-02 -2.867412127213843087e-01 1.996727010505726929e-01 1.282036988305715886e-01 8.967176681017199891e-02 2.877397948810250794e-01 -4.132238400607945450e-01 1.201156251814869957e-01 -6.309406118500326954e-02 -4.491146984292003208e-01 -2.020753459093361792e-01 2.030834967024436888e-01 -2.289873804937437585e-01
2.798278393708117373e-01 1.305340837029786601e-02 -4.059686757775042842e-01 1.319448740736189063e-01 -2.288234058208224730e-01 -3.256491672151112793e-02 -1.320234243876174385e-01 -2.638382884826286426e-02 3.748154828877530709e-01 -5.842000137687464179e-01 -6.132029297573846766e-02 7.547512176465548395e-02 -2.422324633476677647e-01 -2.491341497641838820e-01 7.286766559808771637e-02 -2.246597321910868694e-01
5.829993160581745798e-02 1.166882056045113886e-01 -5.110302007341736008e-01 1.560849625862145706e-01 -2.594987483201868783e-01 -4.846835236732632141e-02 6.091852612535157696e-02 -1.477432161424571400e-01 3.298501224706428259e-01 -4.065356088166944271e-01 3.031651421792637136e-01 -1.845555496375008153e-01 -2.101404928254966831e-01 -2.363290322519333020e-01 7.208408999948306972e-02 -3.114385647791459988e-01
9.502442133767495178e-03 9.135240124822779917e-02 -5.279202373957161409e-01 3.068363424120028604e-01 -1.002200887068442625e-01 7.910656628869974782e-02 2.364725397947412266e-01 -1.244393230142350898e-01 7.245439553911653396e-02 -3.655234365252217343e-01 -1.899407667648856865e-02 -1.278059918066472567e-01 -4.850530722585614241e-01 -1.951414152595389861e-01 -5.967700995646862960e-02 -3.139102310476830082e-01
5.414202734228962949e-02 2.694840429172159491e-01 -3.009994716722044772e-01 -4.439513985954810643e-02 -1.929421624280835967e-01 1.236549871107103654e-01 1.500586908023142652e-01 2.076618874325631553e-02 1.502029704540369104e-01 -5.825444562839344753e-01 5.253226849062226506e-02 -1.498468640970003207e-01 -3.386306625800911130e-01 -2.150334621334687724e-01 -1.045310210510920629e-01 -4.443419339954374769e-01
1.015470924113338752e-01 9.860826430287361610e-02 -5.672331888411882295e-01 -1.485479166822527841e-01 -2.249638197465304856e-01 -8.684405204497981645e-02 1.407466620133420165e-01 -1.120386233900979162e-01 -1.107379006793205931e-02 -4.478746318202421750e-01 -2.024586006484753176e-01 1.444843614488970293e-02 -1.860455848551443025e-01 -1.477739300681857326e-01 -2.265885778075670542e-01 -4.426360852979652760e-01
-5.115360648114146425e-02 2.323565741190957989e-01 -5.707915903616277431e-01 5.298598037392241063e-03 -2.311025632362926907e-01 3.809432297720447697e-02 -2.145541219855050946e-02 -1.158324426526028267e-01 1.778959336716621487e-01 -3.804471248046711884e-01 3.265687862067287450e-02 -6.503837249802583986e-02 -3.965970910062410204e-01 -1.838699831037396426e-01 -1.264371994258040033e-01 -4.000729012200447410e-01
6.071139852045302071e-02 8.915377766106125090e-02 -5.073864302622150824e-01 2.489251500832896993e-02 -3.359530984381614016e-01 -1.197460656110509170e-01 8.460227858239927068e-02 -7.278938392147263348e-02 -3.830029900692357055e-03 -4.475478162377399260e-01 3.267657583713106523e-02 -6.063070916432956176e-02 -3.437721255927704833e-01 -1.379049339194708679e-01 -7.984112461236518576e-02 -4.919516742572983548e-01
1.261728883497679754e-01 1.251201241839111078e-01 -5.451654810867371248e-01 8.987293011958277789e-02 -2.732121086887464023e-01 -2.625970260808082601e-01 -1.769579871174412067e-01 -5.510368914512031591e-02 -9.628791107183648501e-02 -2.610933801207037663e-01 -1.232050146895392190e-01 -8.180061825289118571e-02 -5.721534769674763155e-01 -2.749569187902689560e-02 -3.812436491777913133e-02 -2.372955920350653947e-01
2.052245116863395391e-01 2.960620968880250947e-01 -4.159340991293098422e-01 -2.189697463881005307e-02 -3.050338104134161510e-01 9.696181282736220097e-02 6.487561056607275833e-02 1.596269453464411736e-01 2.912264259792146995e-02 -4.201972689212981615e-01 -3.852284554245428982e-02 -1.743165830703231056e-01 -3.063335181365226534e-01 -3.499137255860173545e-01 4.458992735958733356e-02 -3.702166958841123234e-01
1.659089323883542466e-01 2.415131997790367913e-01 -3.607403078162992327e-01 3.265621798850851243e-02 -1.845619884135500099e-01 7.988057948991851565e-02 -4.905254184162551045e-02 -2.648892736158940386e-01 -3.647566961569384536e-02 -5.828688202524884288e-01 1.388886807622113397e-02 2.868567916835281645e-02 -3.539563874042551128e-01 -1.550307047733179566e-01 -7.432600377009068726e-02 -4.159360349373493193e-01
2.745313439953103729e-01 4.674938623092148027e-02 -5.175932078411126236e-01 -7.487336042962338366e-03 -8.927799622990437167e-02 7.702694131631451779e-02 1.600244607471075498e-01 1.420657712899915104e-01 1.547316876929832330e-01 -3.269587922200277719e-01 9.079204169573634742e-02 -2.847547846379817615e-01 -1.265400836748347968e-01 -3.728715013077634199e-01 1.067363187534370872e-01 -4.562711969181418303e-01
-5.103494482559282203e-02 1.971614042776922149e-01 -4.196309661965608173e-01 2.981426770366177315e-01 -2.675419752703872001e-01 1.962568532878069746e-02 3.961957916190667062e-03 4.692702194398680297e-03 1.782289585631716966e-01 -5.496517668258372735e-01 4.158749333889303484e-02 -3.027484586242227931e-03 -2.510520681492533490e-01 1.339347292876917894e-01 5.893895105710433152e-02 -4.488666310767053247e-01
9.522243972441066587e-03 2.446582787724652652e-01 -4.013712726184827106e-01 1.807821313662330009e-01 -3.042397979563248867e-01 -5.228535151151605942e-02 1.106871583176828738e-01 -3.627974172920826745e-02 2.599686692510780328e-01 -4.788807770956929333e-01 1.899771954268727470e-01 -7.965557381475910081e-02 -2.986985015452555126e-01 -9.199417429299047710e-02 3.072286601641617820e-01 -3.255565561190406076e-01
2.281673793754862845e-01 2.468909782436881917e-01 -2.740117630733330811e-01 1.213300671819388249e-01 -3.879232208575102980e-01 1.126300553382160452e-01 3.377439435169811155e-01 1.362933215246316413e-03 9.766520263128823653e-02 -5.405922687819805228e-01 1.665399369536633978e-01 -1.388883877314352200e-01 -3.802920278235670248e-01 -2.731956989623080673e-02 2.352488919806900586e-03 -1.605002476071026307e-01
1.502531116556616031e-01 2.085125154115109736e-01 -3.526604294581905386e-01 1.665235553710761873e-01 -4.407291831141993965e-01 1.712544833364286478e-01 2.269485058335588348e-02 2.598957157238254365e-03 1.049904078943782876e-01 -4.906886460139683881e-01 -6.412892844415811477e-02 -7.618962004741793026e-02 -3.518250330005631699e-01 -3.401971842241820476e-01 -5.729176708662753192e-02 -2.307420709446386109e-01
1.250623899423294605e-01 4.200822595339342991e-01 -3.482556854950684677e-01 1.490587663825880538e-01 -3.139301378626420669e-01 -8.020656747830968991e-02 6.480030778581495621e-02 -1.288230493238777252e-01 2.216782403139771762e-01 -4.132608636513547262e-01 -1.086896844885212321e-01 -5.889108798879199441e-02 -1.354915204242891635e-01 -1.242662479689442129e-01 1.258418225090682241e-01 -5.037523840970262734e-01
2.879483403561176602e-01 2.686053022724487205e-01 -1.881705674332470879e-01 1.684649040359534611e-01 -4.339154947784114591e-01 -1.408923613831512545e-01 7.745306872178303603e-02 2.096342864851094903e-02 2.620299669992433023e-01 -2.837756732753133337e-01 -5.106568058013649658e-02 -9.049029640924773077e-02 -3.305336252242987993e-01 -3.477830763242955592e-01 -5.721593373963639040e-02 -4.160683342387637151e-01
-3.750693962561679751e-02 4.589499919546352613e-02 -2.815142363993357044e-01 -5.798631916905538919e-02 -2.440983482777105140e-01 -8.865696281628968056e-02 -3.013743880199848402e-02 -1.644618650688608325e-02 3.223015661089116413e-01 -3.096980493762993558e-01 1.516290693534754763e-01 -2.186709625342689589e-01 -4.290311940608990127e-01 -2.734623878254877627e-01 -3.133542755206560494e-04 -5.619629080382144704e-01
-2.980712287042141043e-02 2.760041820750517294e-01 -5.569182248907833532e-01 2.865309967579423023e-01 -2.986368009114927502e-01 -5.462631227760114672e-02 -1.219472984582418637e-02 2.727248016896790528e-01 6.637420951908348798e-02 -3.049886108255755457e-01 -2.640022819696851708e-01 -1.866864353926299402e-01 -1.680862531865186527e-01 -5.403567896217301159e-02 1.714496600054370157e-01 -3.184954573392052568e-01
5.246738713859509101e-02 1.584310718586686706e-01 -3.061429410919874194e-01 2.778348259753511684e-02 -4.732731051963570135e-01 -5.159015188889666537e-02 -1.972976184832699043e-02 -9.871778079957753416e-02 2.414501455362084992e-01 -4.137619680878153461e-01 1.792508012492429470e-01 -5.643501353940141851e-02 -4.344599178433345421e-01 -1.626770761387596465e-01 2.339900008818219801e-01 -3.257060569055194033e-01
-2.116100590619366673e-01 2.156095985785188018e-01 -4.763651987934393595e-01 1.511613334028326094e-01 -3.828221610304408107e-01 -2.407673142443018683e-03 3.221624205483041292e-01 -1.237229497234882958e-01 1.288677248922339702e-01 -2.619096515221809862e-01 -2.048076318289346054e-01 -3.259384263924297587e-01 -2.060708764499947221e-01 -1.412478493293581605e-01 2.573291729176899190e-01 -1.768770504325437587e-01
6.700315019614808132e-02 1.190592150843380742e-01 -3.932253681345185825e-01 2.586723038768990249e-02 -2.388546330617065672e-01 6.887775080987627689e-03 -2.135764123164269612e-01 -8.922259308792883370e-02 2.226352543955415486e-01 -4.184407230597084748e-01 -1.013783462686150272e-01 -2.388924868370118637e-01 -3.489906394008025492e-01 -4.532184113709498280e-02 9.723545007354460201e-02 -5.385685585147584886e-01
1.073144760947257192e-01 3.261012637603981634e-01 -4.174711725990696287e-01 1.501884586729646254e-01 -2.397364976491261623e-01 -9.727936659785556273e-02 8.235915192411948083e-02 -2.991458085293790918e-03 2.494520284499171514e-01 -3.252878546409501137e-01 -3.237116435099846035e-02 -5.210728155397470474e-02 -5.532533155941187220e-01 -2.061166065494487998e-01 1.882030220154101707e-01 -2.361752433523538475e-01
1.899541323968524376e-01 3.835974515605876656e-01 -4.951516019849066530e-01 2.393741681733443372e-01 -1.704829470610472186e-01 -4.119726094052683640e-02 1.339490135785360581e-01 9.373775408019757727e-02 -1.112853911198330437e-01 -3.713468885453004020e-01 -2.597766695998345726e-02 -1.513502837691843746e-02 -2.448497159944907908e-01 -3.117921342645942895e-01 8.154719600185653117e-02 -3.765661234327312146e-01
7.472252903359949405e-02 2.440568773833193816e-01 -5.150590815126927513e-01 5.626137939267259608e-02 -2.213190591200546731e-01 4.959300250286415024e-02 1.531868910114681515e-01 -2.048555357149286354e-02 -3.261324009193469764e-01 -4.143216358759131412e-01 -1.074868068698267981e-01 -1.318744851203146051e-01 -1.870985481593818445e-01 -1.835814750197148071e-01 -1.930813299123268767e-01 -4.220386613467190795e-01
4.195385938055617818e-03 3.119032062785688231e-01 -4.103749177189375263e-01 2.081971191636058927e-01 -1.484474758734340150e-01 1.263469461238774239e-01 2.422408158123897370e-01 6.881957260612935057e-02 1.836349078281855618e-01 -2.790005478329717903e-01 -2.494987987079600178e-01 -8.296239838755237184e-02 -3.850182900967219490e-01 -3.395800150686411611e-01 1.257750848444908476e-01 -3.598050685360172918e-01
1.616482955957160850e-01 2.778435368231855218e-01 -5.158098419155745518e-01 2.883103999693764075e-01 -3.789201437098733138e-01 1.061617902907605882e-01 -1.073145795874542591e-01 -1.479790876168203817e-01 8.129661266639864881e-02 -3.497477486568457139e-01 -9.792939431627234459e-02 -2.239702376038932574e-01 -2.285980702144416732e-01 1.016778645348213189e-01 2.717714481605248422e-01 -1.846197200622571033e-01
9.057896243808320758e-02 4.591820459063322875e-03 -5.069244986816024978e-01 -1.019873152241509290e-01 -1.185255197780168829e-01 1.327903742449957347e-01 2.948119540927967019e-01 5.995296524309896846e-02 2.130314514767712164e-01 -5.767169361819380891e-01 -1.674366504075532752e-02 5.876266966419042663e-03 -3.672263385791462165e-01 -1.640779598302641307e-01 7.397113987978219674e-02 -2.380384075244960929e-01
2.331410281317943256e-01 2.090995126357124145e-01 -4.281200529191092063e-01 1.508091380944631132e-01 -2.932713905005357446e-01 1.297164107726449800e-01 -2.907835540912322506e-02 -2.196070418831552740e-01 1.008412767865997234e-01 -2.065931588314990353e-01 -3.865292094509226867e-02 -3.214510917261995115e-01 -2.370995202584778860e-01 -1.320048559483593675e-01 2.346035696079507016e-02 -5.586759505886396138e-01
-9.420948520375896362e-02 2.707389664272339402e-01 -3.558252169449374613e-01 1.629220855442234106e-01 -2.411214388965981781e-01 2.621099272646640332e-01 3.170794856458514777e-01 -3.297662097239736217e-02 2.055182269947559703e-01 -3.997444558999507236e-01 -2.031692612460497538e-01 -1.303018607323290501e-01 -4.260835967102634680e-01 -1.159565971845294974e-01 -8.244047472503526763e-02 -2.722544453350007054e-01
4.339062198417038135e-02 3.283285258752964286e-01 -4.472376075877027568e-01 -9.650383604750217836e-02 -2.205649558902117724e-01 2.460603494323916965e-02 1.217483314922480908e-01 -1.478967371738743874e-01 1.512042916339757237e-01 -4.875575382541560421e-01 3.285130631965933398e-03 -3.596237846650388037e-01 -2.615227714273375414e-01 -1.287634944363885703e-01 -1.278050570454902259e-02 -3.463813200791772129e-01
1.946772316818748960e-01 1.641623666202834952e-01 -5.346550438595538690e-01 3.190933920489669173e-02 -2.124933131751970405e-01 -1.461966535848516768e-01 -2.190473562704487176e-01 -7.914005109162487728e-02 2.265643727394050233e-01 -1.122416255377720190e-01 1.827357971358226085e-01 2.603685069925770063e-02 -4.160401516113702569e-01 -2.135114714682314618e-01 -1.692734225697288264e-01 -4.268203075308653616e-01
7.769670195352622322e-02 2.577828834033794037e-01 -8.950348141423933312e-02 1.784606516445545188e-01 -3.112804898765300643e-01 8.917672715080332546e-02 2.932328268282834993e-01 6.770607888301860555e-02 1.899700021784516968e-01 -3.755044328494681616e-01 -3.647782650813498340e-02 -5.483462119171173682e-02 -4.366052817476027692e-01 -2.774502885220306858e-01 -6.432657488627029074e-02 -4.889418197044073100e-01
6.273866320686331995e-03 -7.049241601501837762e-02 -5.665821108201647416e-01 -1.369926117744279803e-01 -4.788104044568051165e-01 -1.078831733166574491e-01 -9.336045070455861045e-03 1.322777369801911851e-01 4.989182386266197144e-01 4.780258054097864806e-02 5.290940281792524957e-02 6.497343907672119279e-02 -2.150709436855313961e-01 1.307350574834734158e-01 -2.233471282520201051e-01 -1.589650778011828525e-01
-2.066909792386413258e-01 -1.154846778182769818e-01 -2.533534319797033085e-02 -4.567809622994357666e-01 -3.083012315079159960e-01 -2.842949924707669634e-02 -5.812146222941025342e-02 5.708810725292523536e-01 2.705139099979215755e-01 9.600002362028631220e-02 -1.209749053784044265e-01 -1.130296637102673057e-01 -3.606901384923388298e-01 2.227650217508482522e-01 -9.178077854768634802e-02 -1.075195663892129228e-01
-3.879376207120647374e-02 6.348521792360874161e-02 -2.155085890165240325e-01 -4.527048634934949800e-01 -1.402837568297220783e-01 -1.042929057070603009e-02 3.668946508201853529e-02 5.281671857805873005e-01 3.277434700830095804e-01 9.338144941532736110e-02 -6.114879035637169058e-02 5.913323180262916590e-02 -4.964511049081800076e-01 2.502228806145726514e-01 -9.195834335554692318e-02 4.561483136879450340e-02
-5.651535006852467444e-03 1.526497259204972479e-01 -4.839257380732477354e-01 -3.480282763690623060e-01 -4.470996372187862611e-01 -1.238052036077662565e-01 2.963406979874615432e-01 2.270568570011888554e-01 3.093733755576424937e-01 1.823160725111910574e-01 -1.481800171681796896e-01 -7.766164651068082139e-03 -2.661993346992490572e-01 1.314986098768179401e-01 -1.090825952788572611e-01 -1.254521071246142983e-01
1.638816874593565509e-01 3.895939151736220185e-01 -3.441341172294243855e-01 -7.565284701676041300e-03 -4.280804354334946105e-01 -8.342210275489585214e-02 -5.160667913059076121e-03 3.185420857532291761e-01 1.903137308992248478e-01 6.431181260229262842e-02 -2.487321225366450062e-01 6.956981744615807484e-03 -3.197967396847136712e-01 3.164913322037564147e-01 -1.660640462616501944e-01 -2.808570294002582513e-01
-1.108999577895694935e-02 6.543639216406714476e-02 -3.710309925984228707e-01 -2.342963176438852546e-01 -1.188491885035342227e-01 -1.199164549008952946e-01 -1.453880491806568143e-01 3.057828648947992223e-01 3.901129550177105387e-01 2.169273198258330482e-01 -1.784458542483149668e-01 3.539820583102252227e-01 -4.747770912411761746e-01 1.886367150964523010e-01 -1.994425425242247474e-01 -5.219360967186650879e-02
-1.239907900650166622e-01 2.739883778106362300e-01 -5.138549961227104612e-01 -3.120082370852742537e-01 -3.563086651878556443e-01 1.023583469832339832e-01 1.014486363368233834e-01 3.429670211342876751e-01 1.201561373912089087e-01 1.479604432366413425e-01 -1.167676264226362309e-01 -7.631505512539848990e-02 -3.746020695068425499e-01 2.574252163146227845e-01 -1.427829878160781774e-01 6.274221158417299209e-03
-1.336068411403119327e-01 2.534922963619697101e-02 -1.753994056391368350e-01 -5.211286792219600450e-01 -4.600102907729851087e-01 -2.586945056986998948e-01 -4.158757519481560277e-02 3.288843918870367755e-01 2.931836926778721986e-01 6.524007171357208701e-02 -2.896707517046329672e-01 5.772663158640186504e-02 -3.335372573624683645e-01 2.774240367504056393e-02 -7.988692736112032802e-03 3.470989770796865936e-02
-2.221560390955339137e-01 2.529552149169189135e-01 -1.897545376880680201e-01 -4.821882343893877931e-01 -4.742985488179319864e-01 -1.694267679903328494e-01 9.899280485296338417e-02 3.040293955928837222e-01 1.208329724500073338e-01 -3.482379212061641888e-02 -3.021018473028555876e-02 1.668981086831361760e-01 -4.486595032127387306e-01 3.267519921824399431e-02 1.821977123455268549e-02 -1.223689807924010220e-01
2.541351392444390900e-01 2.075804074048163972e-01 -3.669301380723711814e-01 -2.992208734296639694e-01 -1.241008583442183566e-01 3.723748180175721900e-02 4.354614881621147737e-01 2.100081473494488093e-01 -2.615581868065685114e-02 4.018352758509700084e-01 -3.106356636821965278e-01 1.533308933027748315e-03 -3.707877588850578832e-01 9.219254632733758781e-02 -9.594139990220494629e-02 -6.161739294760783942e-02
-1.531454917508862090e-01 2.825094756111333760e-01 -1.417319006477300580e-01 -3.420323129461642075e-01 -4.110656340485360771e-01 -1.632988075742222989e-01 -5.977502969376035508e-02 2.435662620607559337e-01 3.946749878863254346e-01 -1.266239738145323590e-01 -2.767262610233715558e-01 -2.710357541979085266e-02 -2.675278201780857956e-01 1.886121546780242797e-01 -7.748039367788726872e-02 -3.726377470568202899e-01
1.015396619517510840e-01 3.825837935174962179e-01 -2.860821080354862267e-01 -3.963367817872910925e-01 -2.756630920662464512e-01 -1.558883305443302947e-01 4.719089750602786792e-02 1.651325046885242509e-01 2.501147960264210601e-01 1.784044744267953078e-03 -2.080429862269360386e-01 -8.288942174234552318e-02 -5.777580076585892010e-01 1.427236005120842699e-01 5.293873873676977621e-02 -7.011774408531978864e-02
-2.087504408612799733e-01 7.186937778528554310e-02 -2.539618472699833318e-01 -3.431416387933533541e-01 -3.488663749373341338e-01 -5.227553124612124846e-02 5.773187016509134101e-02 3.389634796431362229e-01 3.705040905048603839e-01 1.260671688265665447e-01 -3.051698832436532949e-01 7.191889091278959312e-02 -4.308427701418968692e-01 8.716702930372677294e-02 -2.846880731342667503e-01 2.464699837610440092e-02
-1.909033357728951441e-01 4.588620285678624011e-02 -2.826694179677611274e-01 -4.643915926011338846e-01 -3.676620808647700911e-01 -3.697947305092470771e-02 1.499978906778543231e-01 3.823215543326187738e-01 3.852484702075670286e-01 2.418620700616372632e-01 -1.454556039457609862e-01 1.106759591513936242e-01 -2.800229753826966039e-01 6.432899270399911051e-02 -1.857356583186117183e-01 5.751373919898981890e-02
-2.715517316944793952e-02 -3.056555907550889684e-02 -4.978291904128103740e-01 -2.293932618227589315e-01 -4.626237322519392570e-01 -3.630387272637109180e-03 7.469827880486167027e-02 3.276727516253969408e-01 3.660155508395869783e-01 -3.039395972937540824e-01 -2.565135310702310600e-01 -4.848288180554394255e-02 -1.438584778759763871e-01 2.722270448318480848e-02 -2.344277302823558895e-01 -9.314890529787458193e-04
-4.130773658053066982e-02 9.860499005211986745e-02 -2.892042178271578279e-01 -3.102135104249731379e-01 -5.225178993562760166e-01 -1.329944086361079802e-01 2.857568673789292329e-02 3.591812637058749424e-01 1.178637344833706330e-01 -2.248050061901268049e-01 -1.251713155227744956e-01 -7.890064780313114923e-03 -5.077153485205609940e-01 1.661385102459424501e-01 -9.464459181901543894e-02 -1.168985316119223600e-01
7.493985412839700893e-04 3.016906564916876365e-01 -4.485323143859171746e-01 -2.646868137491455442e-01 -4.244747324359907092e-01 -9.832514685835536117e-02 9.561148319119954636e-03 2.663936037570863724e-01 3.012044314170247983e-01 3.320437546091653536e-01 -1.315815909858166211e-01 1.595079897722038662e-02 -4.603256753300492311e-03 1.938994613465121475e-01 -3.298510562013262648e-01 -1.089633938085521336e-01
7.182354641811394824e-02 -1.780169658744235744e-02 -4.458650402868303830e-01 -3.080002995661972331e-01 5.012124258700560719e-03 -4.922270751343506279e-02 -1.827243296456103339e-01 5.309324049256902711e-01 3.037596440543688381e-01 -6.671944181294547048e-03 -6.648889588273426687e-02 3.369161276350960410e-01 -3.711985106179190863e-01 -1.356378827234586415e-01 -1.157503191349661675e-01 -5.751061728496498215e-02
5.520863593100395345e-02 -1.096817665690504179e-01 -5.385659838499519125e-01 -2.602301496620348376e-01 -3.472417992610223880e-01 -1.127069847770649641e-01 1.115044979716267731e-01 4.211034121382550288e-01 1.130845971701582575e-01 2.123149829735093350e-02 -3.493785424359300423e-02 2.229341444053634103e-02 -4.419205540939161181e-01 1.315663419726627870e-01 -2.211783902646803635e-01 -1.662163863134894781e-01
8.189099413964977259e-02 -9.108343354378281576e-02 -2.101695670622953649e-01 -1.808827291466376386e-01 -3.487719253706417222e-01 -1.035914703177358703e-01 1.543634577040712275e-01 2.214135165406820871e-01 4.016515840011039007e-01 -1.639254835378223252e-01 -3.134615654189867318e-01 4.640445340316679684e-02 -3.944935288610423307e-01 3.888530724503611591e-01 -3.237325963242854154e-01 5.139122488270567862e-02
-4.999898547386508879e-02 2.321096204399074048e-01 -2.975670993253346497e-01 -1.850443842227964819e-01 -3.343818609587959068e-01 3.361410649479673607e-02 4.581378341531356507e-02 3.106780376603366922e-01 1.905602695044023021e-01 -2.219791992707709216e-01 -1.895932975162120115e-01 3.586188536603296395e-02 -6.229351203000011994e-01 -6.154213062551461971e-02 -2.737701333357190903e-01 -1.402547023425678718e-01
1.006305756014322893e-02 1.654430409628560583e-01 -3.999823602561612401e-01 -2.377104231653371091e-01 -5.306671109035426825e-01 2.778858072494125309e-02 1.143943511921943074e-01 3.261491886173533694e-01 2.244784397102542184e-01 1.511769312993343495e-01 -1.153150781960695231e-01 -4.595512699251989158e-02 -2.509590758825707701e-01 2.593515586404605000e-01 -3.340448604255599752e-01 -1.539867517555010556e-01
-6.899902364563439972e-02 3.175888741808094093e-03 -3.625258927482792881e-01 -4.020255409027772564e-01 -5.140313340734489200e-01 -9.467092749844221999e-02 1.901036477756009313e-01 2.365615300628944595e-01 2.426742226968974792e-01 1.978983384635210618e-01 -1.319693598969256566e-02 -9.916464890671054799e-02 -4.052424819334059514e-01 1.985724947161478793e-01 -3.902786406444483380e-02 -1.537853772445930967e-01
-3.463605043415778160e-03 -3.205421913368194237e-02 -1.840633532294939922e-01 -3.086536289711990788e-01 -4.219578721600484306e-01 -2.345222452782729991e-02 5.227131899003682747e-02 3.255895918087466923e-01 4.139877679166000801e-01 -1.295708234940016190e-01 8.522943887322834144e-02 1.574511736174913912e-01 -4.090090011613688459e-01 3.743708386824065593e-01 -1.894011306020753904e-01 -1.375890556352007688e-01
-1.754996330983238650e-01 1.398361109908632105e-01 -5.280414928090160220e-01 -1.451434479260454435e-01 -5.758821232085563624e-01 -8.993576228872600387e-02 1.203192660148588201e-02 1.512338570667681736e-01 3.194949906009842966e-01 2.497042374124980590e-01 -1.879102818650191520e-01 2.196694295529797725e-01 -1.735490644186437614e-01 4.798366867241669886e-02 -7.192197422451068745e-02 -3.765004891073992638e-02
1.231202078921596055e-01 2.454573195499921978e-01 -3.583076111838475741e-01 -3.603805003441878374e-01 -4.701389739031193171e-01 -1.980333580212737810e-01 1.736412854974228037e-01 1.539928546590360048e-01 8.361441590246471156e-02 6.561878114044175647e-02 -1.452006055408208429e-01 2.573579142246276708e-01 -3.242400924859156208e-01 3.636711757590244121e-01 -5.899906212893975960e-02 -1.128625296826421404e-01
3.939625374767401905e-02 4.312613620553351623e-01 -1.467871728949763643e-01 -3.557111124126052237e-01 -3.720341941174976075e-01 2.584823317027643355e-02 1.065391595587987239e-01 4.315924829741808466e-01 1.799888213296490236e-01 3.600396264801720980e-02 -2.312355264321602211e-01 1.177126870650407331e-01 -3.798803662969080230e-01 1.400194659630200900e-01 6.829468886407868110e-03 -2.504094144324036653e-01
-9.552426463906135701e-02 2.322702897963512814e-01 -4.939014664718056613e-01 -3.085242445450269710e-01 -2.092961114632458930e-01 2.304451773278261284e-02 2.209703119380178604e-01 4.675259747028963075e-01 6.361713039714991802e-02 2.446747869488757887e-02 -3.614990731804175461e-02 -4.176567656207877399e-02 -3.967252409271702640e-01 2.129278432145404742e-01 -2.545701553946895235e-01 1.040350896722731927e-01
-1.745344010043156369e-01 9.701429221556472082e-02 -4.624846772888921986e-01 -1.703143974542649652e-01 -2.769656540169025405e-01 -3.202069216892575176e-02 7.654071412425229870e-02 3.164620355097337856e-01 4.250572268435245382e-01 -6.867372614197099490e-02 -1.698421753505222065e-01 -4.975553712042485310e-02 -4.519215444662214032e-01 1.792812195563077415e-01 -2.211664879468622225e-01 -1.774365858835336152e-01
1.394115830868860872e-01 2.739436967121141042e-01 -2.442283217501927950e-01 -2.236915269123856409e-01 -4.373433916126274745e-01 2.322194276245881928e-01 1.946256461554861650e-01 3.203652887172414032e-01 2.144964529318713342e-01 -8.680794131195433694e-02 -2.172299289327113969e-01 2.057706069361321319e-02 -3.271385988468557549e-01 3.809830747670194251e-01 -2.322226956935513065e-01 5.360944982071898235e-02
9.946631039385467332e-02 2.209852710730564607e-01 -2.856286580428422650e-01 -5.288135368969433259e-01 -2.666562003248032497e-01 -7.255671638750828267e-02 1.444669993861965596e-01 3.674066625229391869e-01 2.517502978865933660e-01 3.786275387675672177e-02 -3.884908134034300436e-02 1.301853528688446671e-01 -4.835326113798128489e-01 1.234250800990830954e-01 -1.191918012996293630e-01 -3.609155192154173825e-02
5.990841937288800961e-02 -4.814533964261639293e-02 -2.350754848316904677e-01 -3.722445134369919417e-01 -3.096059642706814330e-01 2.290582677823532198e-01 -1.058582602270152079e-01 5.185330801449125060e-01 1.482397651587035736e-01 -2.119301892206703480e-02 -2.979954853269102255e-01 -2.115972437529249905e-01 -4.462742712817970303e-01 -6.439272896475863039e-02 6.586271536709423224e-02 -9.064521884965505427e-02
6.668810313952297508e-02 1.624485695937497309e-01 -4.537486825459005058e-01 -2.739958321671904784e-01 -3.240189785010581525e-01 1.417487295608351738e-01 5.054200903979286924e-02 2.757331540561284156e-01 4.644195662501038324e-01 3.055405852073406203e-01 -9.410987842422077754e-02 1.232960769711695520e-01 -3.273043816071241618e-01 1.577650234325596590e-01 -1.368144126446036446e-01 2.649508655390972814e-02
-2.955990618880681708e-01 -2.752520450290059720e-02 -4.282919860267780376e-01 -3.770275189802992921e-01 -3.551235917509691364e-01 6.436364111529227494e-02 -1.070096092769339154e-02 4.087879217677883315e-01 3.221825681197744706e-01 -1.005366268203904678e-01 -8.451469793134889011e-03 2.504888080956371721e-01 -2.591995328407344923e-01 -1.391257038920715727e-01 1.005632789234187641e-01 1.241919476833076852e-01
-8.704773493830371411e-02 3.833729895175932295e-02 -3.707297540043759110e-01 -5.577467082777572971e-01 -2.354965279690653113e-01 -1.033734102486999346e-01 1.432736279805542634e-01 4.031343250989607996e-01 1.448350572155145399e-01 -1.087589380728244820e-01 -2.943783501323922747e-01 -1.398561245312058762e-02 -4.114416700417821149e-01 -2.810402346894808751e-02 -5.905670927459576169e-02 4.474303160707450606e-03
-2.561443460674449057e-01 1.396789136936660569e-01 -2.031144263617196688e-01 -2.723756339075251165e-01 -3.319346936903082024e-01 -2.594895801313400474e-01 -3.063676490360442428e-01 3.092848005014344204e-01 1.635518636311197871e-01 1.558579812919932694e-01 -3.816569424807002980e-02 1.782186342836451498e-01 -3.211824102269049686e-01 2.605948667127651608e-01 -4.143947469872055200e-01 7.315706292196774707e-02
-1.414681316282680457e-01 2.542660844351580796e-01 -3.915934089235633686e-01 -4.002969615320666752e-01 -4.873272753227630427e-01 -7.698847910180108001e-02 2.520083814312294897e-03 2.247622905590709319e-01 1.408122448226554468e-01 6.129657124274107832e-02 9.045813860063728340e-02 9.832789625527985078e-02 -3.739704715855480255e-01 -9.798245092838046844e-02 -3.397948222224304593e-01 -3.822996169909735620e-02
-1.547313894846419624e-01 3.315603104275959834e-01 -4.306516492972901067e-01 -3.076136542470735979e-01 -8.649382005207588431e-02 -8.058137346545582447e-02 1.296508025500010264e-01 4.036531013744026342e-01 2.927444260959162214e-01 1.958443274844608450e-01 -1.006687232390117426e-01 1.723006700374444533e-01 -4.569392777924215499e-01 9.366167513000871192e-02 -1.041359382305069581e-01 -5.739326355986946841e-03
5.457747334144621987e-02 2.088527147033102105e-01 -4.582973324418666561e-01 -2.967450439137613305e-01 -3.369325658982931793e-01 -1.506961421929944867e-01 4.052925730824306211e-02 4.501401542078873330e-01 5.039700332347503420e-02 6.327306734690132939e-02 -2.152891765212058828e-01 1.175107053432735416e-01 -4.492733645491439054e-01 1.269663094055073771e-01 1.735924673181890865e-01 1.799352991792932226e-03
1.783754087319667225e-01 7.365112843569419226e-03 -3.627407514533195210e-01 -3.636292819406676258e-01 -4.956522427657166774e-01 4.156272095856699406e-02 -1.006361252340141482e-01 2.102626924933892749e-01 1.441670218439451145e-01 -1.713252019904365139e-02 -4.675442988012069000e-03 4.949959998761475216e-02 -3.634714921126265263e-01 3.046733004436997794e-01 -2.137621508819431138e-01 -3.292459563924036714e-01
1.078228203284898185e-01 8.826632886728033589e-02 -3.240950364562931729e-01 -3.047303324677927416e-01 -4.235642999286245436e-01 -2.091280466571507624e-01 2.591169903618122938e-01 1.706528326690455455e-01 3.620329427380645226e-01 2.393121039673220818e-01 -1.018768192499426711e-01 7.003214628403819919e-02 -3.181433287983743696e-01 2.388296846677176455e-01 7.992050503058262256e-02 -3.082470774397592095e-01
-2.724342336289483080e-01 2.212789406540076609e-01 -3.377452945858976374e-01 -1.901944046203274119e-01 -3.836146927714150223e-01 -1.709049446296986019e-01 -5.506454639230889264e-02 3.381095156215694897e-01 4.400654761471907150e-01 2.497195661399628785e-01 -6.782852501494802955e-02 -7.828690195107380900e-02 -2.929872182782267687e-01 2.083210821196140039e-01 -1.482081561348776721e-01 -1.220601002237650667e-01
1.497451226548484476e-02 -2.742533382540123660e-02 -3.489622043035118248e-01 -5.944928812465252177e-01 -3.404443818909300146e-01 -1.738649766812965791e-01 1.091988019287532807e-01 2.192400649153118386e-01 1.381562939427405656e-01 2.956460940560722700e-02 -3.254679484288274249e-01 6.985770163078380834e-02 -4.034583678863688516e-01 7.416406346101871161e-02 -4.987767329218416312e-02 -1.271525093777374493e-01
6.979596984000233095e-03 3.952121077818709916e-02 -3.894455281009308045e-01 -4.267227677911091255e-01 -2.004300856109251516e-01 1.924827308311470309e-01 3.442403714983217067e-01 3.127478876215457615e-01 1.826638620261036294e-01 -4.411261638098415774e-03 -1.433283162762905016e-02 7.946866854629051902e-02 -3.168749147510128150e-01 2.335260539566050841e-01 -4.141683263418719507e-01 6.862176524864130323e-02
-8.745537849316342704e-02 2.770420398922875393e-01 -4.871889842543212779e-01 -3.818909528865073177e-01 -4.966512445487576977e-01 -3.827102382001929676e-02 -1.483174168823863937e-01 2.094935493950046135e-01 2.671936057028876932e-01 2.419041531116149779e-01 1.067807025086294909e-01 -8.290136948500421987e-02 -1.378510760092590548e-01 9.138098215183203255e-02 -2.066373600961314561e-01 -1.247100274423601669e-02
-1.622894012518803775e-01 1.881920304178323969e-02 -1.783491139231416223e-01 -2.643993754345940195e-01 -3.213380136221762329e-01 1.503817003622476001e-01 1.568015956802785993e-01 1.873677442125883108e-01 9.781228682612801151e-02 2.274132397588277954e-01 -4.200270812593898673e-01 -2.312864141385757855e-01 -4.360617713934878958e-01 2.770446745943812572e-01 -3.489903991848771758e-01 -7.828324562666244546e-02
-2.680483731363859576e-02 2.541963929635859265e-01 -8.495578939498506232e-02 -4.018487025032216886e-01 -5.222351060934116163e-01 3.024368250116056187e-02 -3.822538229649766889e-02 1.914492441695413716e-01 1.222369225531852316e-01 1.979717781229471327e-02 -2.199522376306228821e-01 1.593284333078105741e-01 -4.409683912082503210e-01 3.604778448349625908e-01 -7.907727308500350771e-02 -1.856305620563518666e-01
-2.583223141195774633e-02 2.404829895024063191e-01 -2.842798038509586900e-01 -2.731389210471316664e-01 -3.223357528678378880e-01 -9.117901034922959794e-03 -1.341967310345721087e-01 1.998027347072848514e-01 3.290732268006252847e-01 3.112270884724629427e-01 -3.426160839848229056e-01 1.494527304166468895e-01 -4.359840600953570622e-01 1.155509481609055533e-01 -2.470414456465237427e-02 -2.743165608052215432e-01
-6.908115978104098498e-02 1.379409601085378745e-01 -2.557281967069915396e-01 -2.678062840123847099e-01 -4.049877567483723961e-01 -2.085278096878082910e-01 1.604281820956088289e-01 5.574924674650421075e-01 2.105819366278516569e-01 1.123379165024200738e-01 -1.570369607508420584e-01 -8.664792185607213260e-02 -4.333251661695121104e-01 1.113476873010895568e-01 -3.659845840859150129e-02 6.638901970335116254e-02
-5.309779789953389395e-01 1.876268796175822040e-01 -1.941438579538880826e-01 8.853385273317894433e-02 -4.004470768034097683e-02 1.062876127506021395e-01 -1.505004729782836483e-02 3.503983812920366536e-01 -2.071952408509988020e-01 -3.832722785234797813e-01 -1.163244379953085328e-01 4.543765134045159026e-01 2.036523189854847968e-02 1.920506553187712861e-03 2.660235265127739446e-01 -1.428931371143344342e-01
-3.949104911400584395e-01 3.212885286659282191e-01 5.316728740336181674e-02 3.327627789747287790e-01 4.911515199108523050e-02 3.431461746787822231e-01 -2.378139154514485598e-01 3.399902942676241713e-01 2.186095323322063966e-02 -4.613706974051350052e-02 -1.471859381963916968e-01 1.128929697592022524e-01 -3.418772800291453584e-01 1.762208639410688393e-01 -1.567489892908354929e-03 -3.872979807163007271e-01
-2.729860969748970634e-01 -3.144223048891134908e-01 2.627702990638370872e-01 2.373098062312066492e-01 1.859566130258857031e-01 2.783383750021288794e-01 -2.787646622752747994e-01 6.364887818877863479e-01 -1.129064591881357577e-02 -1.412024538306721477e-01 -5.564019217025240049e-02 7.361173152881222981e-02 -5.093458196256019088e-02 1.398729376232768495e-01 1.617459637037735876e-01 -1.716757256099397944e-01
-4.569259932413892722e-01 2.992349972247511647e-01 -1.897373841775765457e-01 1.335671774182248528e-01 6.587087998936520805e-02 1.646143682313820078e-01 -1.075356044657467119e-01 6.030758496560437720e-01 -3.194121653796457017e-02 -1.425185830615808835e-01 -7.554446759483338103e-02 -1.402998924458577490e-01 -2.418530772702694731e-01 2.571928374327817624e-01 2.358355202281330609e-01 -1.189666513098469047e-01
-4.424312902943283721e-01 3.605164440544332272e-01 -3.522948296906398130e-02 2.905887278279223884e-01 8.903338713617031663e-02 2.027544729901556708e-01 -2.371358244378314328e-01 2.485532978672084503e-01 3.909804712240168012e-01 -1.317894722573865474e-01 -2.771348097116650977e-01 1.646741531321090912e-01 8.378134983881017905e-02 8.886094107127803787e-02 3.365202942835128774e-01 1.386870471071950384e-01
-3.760289836495429583e-01 1.462396277911197917e-01 1.712129699901771551e-01 2.264313420754308359e-01 3.020746900974796006e-02 3.396488404561250896e-01 1.579579215610143472e-01 2.273269618168491379e-01 1.528965232474468472e-01 -4.169102883471999532e-01 -4.154162822047431369e-01 2.008413606826562614e-01 -1.329213574526135755e-01 1.005802420515720524e-01 2.376979444219839699e-01 -2.633340126511183876e-01
-3.234940058073931812e-01 3.181532650889718483e-01 1.520373647029853725e-01 3.563764143080057067e-01 -1.476037478388750601e-01 3.021556671313078701e-01 -9.069075583555763487e-02 4.284255105387914098e-01 7.587458227560030244e-02 -3.610398170797589623e-01 4.073240184581856937e-02 2.416443454161757154e-01 -1.487354566386298871e-01 3.168428259611702491e-01 5.099603559399389779e-02 1.337252642318046414e-01
-3.909439287280865871e-01 2.353468416894924642e-01 -2.390281319544931282e-01 -3.804418387268966584e-02 2.485572527028634404e-01 1.784839422100782391e-01 -2.869400775638137890e-01 6.166429835450174535e-01 -8.562719451487665889e-02 -9.806888536699248649e-02 2.738952511661013611e-02 2.450206934402184011e-01 -3.067691104594134077e-01 1.117755943453835679e-02 -1.304176717562285752e-02 -6.953658363678179299e-02
-4.623056356674122291e-01 2.267437411901991329e-01 -8.608285730298184668e-02 2.236645856995818082e-01 1.438929326397942188e-01 4.530518267008404321e-01 1.970257965723001131e-02 3.957933978733481628e-01 -3.291375653137638690e-01 -1.246854313675139769e-01 -1.057454998797328558e-02 3.060929268969552197e-01 8.356767336039058747e-02 8.894003403946795783e-02 -2.404716970114393892e-01 6.340120825774442359e-02
-5.810232023833545867e-01 -7.025985112830951396e-02 -1.345184834744323765e-01 2.063050402459651322e-01 5.345435779580570701e-02 1.973127862533471943e-01 -2.773274527265833234e-01 4.501401170140014174e-01 2.204005256890699815e-01 -1.512813749963833887e-01 1.934988920589506278e-01 6.468174303263191094e-02 2.480726702200797273e-02 3.873549926055441794e-01 -3.160731039860088104e-02 -1.036626572015298814e-01
-2.199370296964694993e-01 7.530613097903390840e-02 -6.709855190074025255e-02 3.486452869328049986e-01 9.504434362924275848e-02 2.809544243296467972e-02 -3.837195370133774652e-01 5.669786772562668276e-02 1.295464126102465474e-01 -2.826424470982848991e-01 -7.922103570527205818e-02 4.135466212024854760e-01 7.676940583791393158e-02 8.405830162543051487e-02 3.710007771219162032e-01 -4.848258478132068117e-01
-7.404195134127166122e-01 -2.612854717213894786e-04 -4.066324686941973640e-04 1.978391854656739723e-01 1.882909890641037629e-02 5.608860898107562859e-02 -2.074971670282853287e-01 2.881732362298825567e-01 2.730708291561610018e-03 -7.147986821318882966e-02 -3.668016849596417162e-01 7.330974207964129075e-02 -1.309437220944445479e-01 -1.728405282180531244e-01 3.016339630482415268e-01 -1.111255807657653008e-03
-6.100765442908516745e-01 7.789272998770351009e-02 -3.044945004644496467e-01 2.202066844710380555e-01 -9.261023648465942226e-02 -1.263435642524034230e-01 -2.413205070484273351e-01 1.220695365426258949e-01 -2.095215601063616928e-01 -2.907235873982035312e-01 -2.188552320387681105e-01 1.714750240883971544e-01 -2.185164941061348565e-01 -4.217752030719743028e-02 3.559270949748384316e-01 3.036863134739005085e-02
-5.096604059666535180e-01 -7.640578503426458806e-03 -1.255550523047562206e-01 7.868143605451932698e-02 2.481370868036910093e-01 1.775191181590450307e-01 -4.125682526034341047e-01 3.721186969322918259e-01 1.379092597346507632e-01 -2.117814902112284681e-01 -9.852420907468673050e-02 3.167547695321356604e-01 3.505460498682378551e-02 2.144799777299953580e-01 -2.041826708028080528e-01 -2.315838881337723698e-01
-3.586351386905259342e-01 1.272477577375711322e-01 -1.112899299948800630e-01 3.333522835301375165e-01 2.083786436230650740e-01 -2.516603222211519003e-04 -4.001162951031185799e-01 3.647841580754809243e-01 3.456827878649889052e-01 -7.547567249757686225e-02 -4.417744367948859413e-02 2.375052417452296408e-02 -8.679030310179777774e-02 -5.012803508823977100e-02 1.920044044825258422e-01 -4.695502412995710695e-01
-6.155843769459365955e-01 1.551123621626566695e-01 -4.485791529237243697e-02 1.334116833650393630e-01 -8.061344005874181151e-02 1.054610793409262587e-01 -2.813025180461598551e-01 3.723004544332423338e-01 3.411117688986190499e-01 -2.623786235946025669e-01 1.732541101693284985e-02 2.298466833633085182e-01 8.681272394906557402e-03 1.690328598579409203e-01 2.602847531432076478e-01 -8.426592132075252928e-02
-5.113238289108852364e-01 -8.156545098460604715e-02 9.002574642197348764e-02 2.529170039632239186e-01 -1.838316879740586052e-01 1.727334732683825647e-01 -2.161688389275101818e-01 3.583295835774102378e-01 1.772282254954061220e-01 -2.900556292511223822e-01 -3.857138018885791775e-02 2.477622805157752017e-01 7.455556002271734872e-02 4.675288760289171286e-01 8.802209719731701743e-02 -1.037192921567644810e-01
-3.158684410146707644e-01 7.678109063173704785e-02 -2.422389424362341726e-01 3.389517995773304593e-01 1.861648042682482740e-01 9.706323880604329768e-02 -2.866898486773652444e-01 6.096426180844413123e-01 1.145897055453634211e-01 -1.129531778334895015e-01 5.633127340840889813e-02 7.091089740752466730e-02 -2.756887724159352016e-01 9.928195136648655661e-02 2.266034585145986213e-01 -2.269996594249408528e-01
-6.521101192826523896e-01 6.521731269014081900e-02 1.510202641725112427e-01 2.844326860156769499e-01 4.483553626109412771e-02 1.327475795217871735e-01 -2.391091788906490323e-01 4.144671305784720650e-01 1.666496624927682191e-01 -1.568395534815895664e-01 -1.848612463892864433e-01 9.549214193460522915e-02 8.296566090448904973e-02 2.601674878094302201e-01 -1.899608906240730357e-03 -2.190078952912088983e-01
-4.841362088244238748e-01 5.110614206780016155e-02 -1.976668426909104492e-01 -1.960369644881292950e-01 1.728235681689157810e-01 3.121646097725510119e-02 -1.600067270047011159e-01 5.752345910333569456e-01 8.721460737761796422e-02 -2.261381668330269545e-01 -3.364741004217048914e-01 7.362500425857519681e-02 -2.313308116737923803e-01 2.165812293355090512e-01 1.013848167882395040e-01 -1.003872835257033358e-01
-5.325101918491577102e-01 5.111639884493573288e-03 3.595864730655335545e-02 2.816200950103123768e-01 8.342169270362309597e-02 6.689528521075593925e-02 -7.537347707987354650e-02 4.561808409790554797e-01 3.430569854086275572e-01 -5.056422815554399985e-01 -3.870978049299715531e-03 -6.032344263143664398e-02 -1.578093286602755552e-01 5.641504021617228803e-02 5.476282533828429749e-02 4.986043937082889482e-02
-5.393176901479598273e-01 -9.778515145790570018e-02 -5.048047996212367411e-02 3.299986004752225588e-01 3.381957836238146387e-01 3.092224948491512637e-01 -3.888823115111249007e-01 3.127026792102255426e-01 8.554134212198637177e-02 -6.850059338687339294e-02 -5.085190878008068877e-02 2.992096743759289912e-01 -1.479388881721580840e-01 1.011081824689026923e-02 1.243728100435697106e-02 -5.343176293867415994e-02
-4.891792545805346837e-01 3.596175442383738735e-02 -2.467877956899298952e-01 1.636600616099045669e-01 2.637852321370812159e-01 1.778298299624561651e-01 -1.656336955294827329e-01 4.304476686675824393e-01 2.096969988364983870e-02 -3.020362205219743190e-01 -2.842629862861648093e-01 3.069944174915067436e-01 -1.106527073851657633e-01 1.015509977016555987e-01 2.255220854415821985e-01 -1.328995906444547515e-01
-5.508331615721296926e-01 8.051464518264539461e-02 4.039590676346124787e-02 3.118393050562709989e-01 3.330744437722905071e-01 1.022258801282711488e-01 -1.779365807712695868e-01 5.095205588671148922e-01 2.358951788900055246e-01 -1.437385737022785215e-01 -1.459395016708215087e-01 1.965274372632445643e-01 1.385241797858166313e-01 3.319123132710016799e-02 1.406552276047862704e-01 -4.754063737162646242e-02
-5.411248804172528182e-01 9.163186969863137965e-02 -1.335712632060855609e-01 9.792964297837730703e-02 -3.052005247020385045e-03 1.072585490416671228e-01 -2.330076460172182395e-01 4.704219962101172103e-01 -8.262254790827655224e-03 -1.733606748964709177e-01 -1.185314541213156325e-01 2.999160222931326891e-01 -2.541280770142375078e-01 2.550143877945282300e-01 6.438992553418258769e-02 -3.411331759045871936e-01
-6.137557359588449168e-01 9.212678886609164397e-02 1.901885254055231400e-02 1.791054450740699744e-01 3.729707866628798607e-01 7.376676650782731937e-02 -2.245561176786841084e-01 1.932228980654292216e-01 -1.475848208583711678e-02 -2.601954620789391770e-01 1.225595981833751541e-01 6.132160449099960386e-02 -5.172366041376957185e-02 3.110628327586006381e-01 3.625164822076882842e-01 -1.803121844696362330e-01
-4.768174547060340385e-01 6.919093919524776926e-02 -2.301782030791828526e-01 2.463543069476080705e-01 1.899027745979073589e-01 1.192845284718526203e-02 -3.380933281597502948e-01 3.870937152124308001e-01 2.574208948975931777e-01 -3.752561965706722180e-01 -2.852218458968602821e-01 9.771939863922241357e-03 -5.919258456674554580e-02 1.895224631937994786e-01 1.427090932586428662e-01 -7.425059329466117408e-02
-4.828928807301521298e-01 3.299699720057953090e-01 -3.937694231008338590e-04 3.971890206892548791e-01 2.850321650307163224e-01 2.113326511460130175e-01 -1.835119629711624012e-01 4.821739144866613591e-01 8.118493042026470041e-02 -2.345110354369755179e-01 -6.284177190838924343e-02 1.192261416347307618e-01 -2.248499186217891091e-02 1.913190450433692675e-03 1.576743908633520541e-01 -5.459883415545504354e-02
-6.349015087224321174e-01 -1.019843522841408223e-01 -1.271733612180282191e-01 2.289842417414828246e-01 1.061169236171220914e-01 2.134761094950476945e-01 -2.664203192492884953e-01 5.445423389066560427e-01 1.250343377495970465e-01 -7.906775366488080770e-02 -5.982078580281988828e-02 2.660455865390297034e-02 -8.930505563958858473e-02 1.415624357426044921e-01 1.693869047526179172e-01 1.033177586315866398e-01
-6.150304256990571927e-01 2.268579348589799816e-02 1.036602093676711189e-01 -1.783131014647118540e-01 1.577745389634449824e-01 8.616999160536088775e-02 -1.996216722580502201e-01 4.145586203510600032e-01 3.189329365091370661e-01 -1.598634492709824217e-01 -1.734984430061006222e-01 2.638764766371269888e-01 -1.555762937631933844e-02 2.209192025033056006e-01 1.918058386913255864e-01 -1.476899998769533040e-01
-3.712048056985319255e-01 -9.158844957784902097e-02 1.060570331985367411e-02 2.076079319932151168e-01 2.152817678467831286e-01 3.135590515097302911e-01 -2.154863165314002127e-01 3.632988900445367486e-01 1.153809359582625427e-01 -3.038092546203252087e-01 -1.273977608091153568e-01 1.768465730226138066e-01 -4.951678391310334049e-01 1.908044866481371227e-01 2.007590858890950444e-02 2.289121069865978908e-01
-4.223787988117881920e-01 2.749107329750362649e-01 5.818212329942481359e-02 1.590952821438677278e-01 3.251746950299988503e-02 1.316180329524561099e-01 -2.863228429751678017e-01 2.280469431633730948e-01 4.569134065829612568e-01 -3.085840905798335476e-01 1.067209527974384564e-02 1.426350612573173970e-01 -3.009700880698196190e-02 2.836995973856431541e-01 3.965703925671200114e-01 -4.295201592670534058e-02
-6.018128805351632415e-01 2.739745971143643932e-01 9.628841774022511846e-02 6.335720715488166177e-02 2.372847620673439462e-01 2.487678929481098311e-01 -1.056317857316564496e-01 4.710508089035447821e-01 -1.636869310383762544e-01 -6.219973141329635663e-02 -2.051976718662034405e-01 2.048853464002056146e-01 -1.637537764463664891e-01 -1.410651120112443313e-01 1.170628305273820335e-01 -1.518961525651754962e-01
-3.178348710456934678e-01 1.054360136123087405e-01 3.156525764297344328e-01 3.717690904326876877e-01 1.507740708853641531e-01 8.227249338412952195e-02 -4.492062257793010827e-01 4.343183130751833709e-01 3.285221764276187173e-01 -1.464593757057355006e-01 -9.266013881337709091e-02 1.108120742393330499e-01 -2.204437570394943147e-01 3.798428604381155066e-02 1.489428879448311815e-01 -8.735328311178730543e-02
-3.477081517581838144e-01 3.544351354480385075e-01 -1.122978830286456148e-01 -5.395203797047623540e-02 -1.031709362150946135e-01 1.012095836960500289e-01 -1.635700031106759322e-01 6.619802760682871323e-01 1.169597913875114747e-01 -3.979217334834802000e-01 -2.086374015409142024e-01 6.474538937632663693e-02 -3.113994206067813297e-02 2.502482915556617990e-02 6.596970484837350046e-02 -1.624860477817166027e-01
-4.503642675522756544e-01 5.348603706239145328e-02 5.004823471354616360e-02 2.485250070333273609e-01 1.224542798149902412e-01 -5.121080124769798042e-02 -1.347534365722019289e-01 4.850345647243920477e-01 1.494958255487890131e-01 -4.466602089566151790e-01 -2.748126399951831278e-01 1.803567445442323391e-01 -2.910124344846420907e-01 1.260213004300012041e-01 1.563038405136641390e-05 -1.689161301395296910e-01
-4.798612402326855042e-01 1.012913720318985300e-01 1.691913582883946832e-01 2.297952120710321511e-01 1.814549130109233688e-01 2.391549696462154095e-01 -3.148432277323041650e-01 4.366935171275371230e-01 7.582022497344852174e-02 -2.346049007007922904e-01 -1.545246336475340487e-01 2.250234756063672625e-01 4.418117195114698581e-02 2.778898065096630510e-01 8.104636772672678402e-02 -2.775759261665645683e-01
-5.355123873566565162e-01 2.527749353831435508e-01 5.181486623939964009e-02 -2.026618982908657829e-01 1.408884056759248660e-01 2.345972416968449270e-01 -7.601252609200166710e-02 5.288748304183215065e-01 -8.190424665916071212e-02 -2.751842083491040092e-01 -2.682220745015342911e-01 -2.524486770622166171e-03 -1.300528206216745586e-01 2.373575052758978565e-01 1.303978644083090277e-01 2.372251409951887241e-02
-5.600071697974574603e-01 2.531408460706262575e-01 -4.618429913868054432e-02 3.679454891783029979e-01 8.474452483730463004e-02 2.029639238894561104e-01 -2.614704243577659626e-01 2.684083822300072364e-01 3.436746792489038249e-01 -2.378203403769863500e-01 -1.230388690140775815e-01 1.766720942447779635e-02 -1.177368665770840532e-02 2.034250771980265216e-01 7.234371601823390285e-02 -2.431737855279511584e-01
-3.833716485957591735e-01 2.069231280869120171e-01 1.476887399502613829e-01 9.570463403698317717e-02 6.029681542863356974e-02 -3.065102802402577820e-02 -2.258624090668719664e-01 4.915677965386190951e-01 2.662639271807287766e-01 -4.421186629644111576e-01 -2.555102872261822977e-01 1.803498691647869578e-01 -1.276777978584875406e-01 2.093261157838415265e-01 1.557300417006758364e-01 -1.829258794971821700e-01
-5.987673744544634857e-01 -3.401781532649030687e-02 -5.271713142854510953e-02 2.301544389983469774e-01 -1.364087593815038191e-01 4.869422499504511004e-01 -3.641271109993081401e-02 3.755083748810192357e-01 2.398818406372377754e-01 4.429500892129632772e-02 -2.815615797008904631e-01 -1.022984139245633993e-02 -1.516203534757678828e-01 8.734417581993296487e-02 8.843967602089043700e-02 -9.587229631389991569e-02
-3.154471860053763010e-01 7.580279742420047151e-02 -3.155510910738199004e-01 -8.683524091206983042e-02 -1.127701684509619939e-01 2.871095137868991468e-02 -1.358396876963808009e-01 4.488965174136138603e-01 2.767527070365992659e-01 -7.802668537632642676e-02 -2.865684046419652020e-01 3.238093226992386775e-01 -3.040331904978544331e-01 1.035602186818251752e-01 2.097276990046476053e-01 -3.705826019180769038e-01
-6.106582816595936825e-01 9.703104183162027108e-02 5.014399936645749095e-02 1.227719410799493066e-02 1.616399041969632244e-01 5.327791223409033411e-02 -4.590033282708378404e-01 3.431757450313236979e-01 2.129045788653598920e-02 -2.153339131450014154e-01 2.883519951396876831e-03 1.606990790340228903e-01 5.442668247767535467e-02 3.248220987054481479e-01 2.661674686812025015e-01 -7.500253660716757476e-02
-3.383520132255929402e-01 1.806280472946220905e-01 2.538562970328920865e-01 1.376448366248853861e-01 2.410743331810263901e-01 2.328421194558851492e-01 -4.391439650896891700e-01 5.043718522075776312e-01 5.981444903607924420e-03 -3.017819233955127967e-01 -1.950426082740090994e-01 5.606861896748599472e-02 -4.699003093792542690e-02 -8.943115987346966778e-02 6.807871684488572828e-02 -2.505943054037893525e-01
-5.735826124209839616e-01 -1.648268453498542008e-01 -3.184032619234403727e-01 8.169054352734105018e-02 1.367794192347162596e-01 1.812839278776249841e-01 -4.149030165344597121e-01 1.982734435325866351e-01 1.789565745166352487e-02 -2.447900170528774857e-02 -2.320830153246611349e-01 2.081568770660818801e-01 -6.050073302654657148e-02 -3.923487153409716682e-02 2.443515764302450488e-01 -3.312598342770626259e-01
-5.119593424695678685e-01 1.386279822140568108e-01 5.160166188893150485e-02 2.470594795858032655e-01 6.125298994619642057e-02 -1.836314960051488032e-01 -4.359875180785716120e-01 4.364408264115320901e-01 1.770542623233062052e-01 -3.551414734578361432e-01 -1.075422167617856410e-02 7.271871228824217104e-02 -9.950245766789726776e-02 -5.582289576095404021e-02 2.258471962453345028e-01 -1.001967916582431201e-01
-3.061888626890238441e-01 -2.807234709052208732e-01 -2.372964911290487977e-01 1.972214039067603231e-01 -2.630704980779509372e-02 3.053782525867223749e-02 -3.936227814403929770e-01 5.292924511894315787e-01 -1.657650973723954202e-01 -1.934464611757020225e-01 -1.779368786508087885e-01 1.806602718023087029e-01 -1.709673081143939510e-01 2.816355985433538489e-01 2.275135566836660184e-01 -7.754145385110058908e-02
-2.073081272013746756e-01 2.887201162489707595e-01 -1.031768536842731232e-01 2.727170769118035243e-01 -3.716590682408269647e-02 -3.984040024053729818e-03 -4.412818437103404046e-01 5.771802462016824009e-01 -1.700634617414619465e-01 -3.263719652929926718e-01 -2.041008456204146670e-01 8.454570092397846459e-02 -9.405317091414401587e-02 2.085803861441609119e-01 -1.509401466627070809e-01 -1.118084344458870183e-04
-5.636550888328603071e-01 1.083099799664022089e-01 1.365364423067383093e-01 2.110711997979626553e-01 -4.973878944895647469e-02 -2.490302284164576385e-02 -3.323580073722096073e-01 5.040808210854574867e-01 1.248281638390041082e-01 -1.641111771734938274e-01 -1.282718780618016530e-01 1.417099945843507125e-01 -3.889593382864349191e-01 5.041320961028575298e-02 -8.158939957921901298e-02 -1.332575487679134828e-02
