2.331739607375974688e-01 3.793920396484586344e-01 -1.031912279939907889e-01 1.494767455440355330e-01 2.621503894093591969e-01 -1.012342205148460822e-02 -2.526026715804027267e-01 -2.498983706497466192e-02 -4.822010237290028090e-01 -1.554094824547190834e-01 3.095657283415443814e-02 -9.985700230843333469e-02 -1.613955649698236572e-01 3.434553699539326654e-01 -1.405688544877066737e-01 -4.517439076251784091e-01
1.467000089148296216e-01 2.562151007022415716e-01 -2.715149310521631776e-01 1.367765833039058243e-01 2.909263864046938153e-01 1.508486944593681323e-01 5.145173631399265618e-02 -7.835965498339731751e-04 -2.075249749850684722e-01 -4.256072074425087948e-01 3.531639292725019530e-02 3.011703594890732805e-02 1.392129968180994166e-02 6.832291618450990756e-01 -8.949617693065529955e-02 -9.484462195199555579e-02
7.020222513402248066e-02 2.434486351505424084e-01 -3.586298299567664549e-01 1.023377553619129188e-01 2.516285251226622194e-02 -5.642593855939607161e-01 3.190153362525499636e-01 -8.701084256603442910e-03 -3.129555306141890703e-01 -1.527533373839532749e-01 4.164138537478006413e-02 7.456889148075777907e-02 -2.669662506039676697e-01 4.149561273921912319e-01 7.382444882506005064e-03 6.135457295415977508e-02
-7.660304459062516891e-02 1.060632420619868066e-01 -5.706566680311386808e-01 -1.370195020954581011e-01 2.032069421928168751e-01 -3.653917825247056383e-02 9.808647289567576366e-02 2.185145481269036016e-01 -1.994294607167625966e-01 -2.034742167742106256e-01 -2.300201758332459934e-01 -2.014279331509692683e-01 -1.707020601452599040e-01 4.803690683495731584e-01 3.021870589877661550e-01 -1.122249289903295005e-01
2.749056092167198595e-01 -4.591263499319019059e-02 -3.341730644995369315e-01 2.264562414222436593e-01 4.431436211594830255e-01 -3.899032867359729371e-02 1.850350542582958335e-01 -5.929442914862283198e-03 -2.754456929261702158e-01 2.292631572314363098e-01 2.658191985042470118e-01 2.600404524315785837e-01 4.686717228389440659e-02 4.707353102440459680e-01 -8.572699356414917315e-02 -1.713039274723160144e-01
-3.406403245083798326e-01 -4.327967971502592187e-02 -2.632054262690756707e-01 3.897989584480638925e-01 -7.238690524181341790e-02 -1.877902436492542571e-01 2.225643844232300383e-01 -1.712124392394411554e-01 -5.990684664255403052e-02 -3.736021707973410932e-02 -1.214304343516628372e-03 1.352285974670707214e-01 -2.462936058132448036e-01 2.539594730463206051e-01 -2.657480291409952677e-01 -5.678611067716629046e-01
2.235826473456428432e-01 3.586500371983816216e-01 -3.759121007454201135e-03 4.819721988527578271e-01 6.269256852207609476e-02 -2.814185982302415123e-01 2.199221618590602445e-01 2.097454833408516905e-01 -2.299417973876288768e-01 -1.460195052202956367e-01 1.499161451706234882e-01 -2.219194660040615108e-01 -8.299843203448643847e-02 2.988600917062192996e-01 2.722024659270246283e-01 -3.120346228751162965e-01
2.027677965326598608e-01 2.920809558975487885e-01 4.056958997463064320e-02 -3.474602503283798494e-01 -2.628538117903122528e-01 4.279257217587461443e-02 -1.565711082430273904e-01 -2.243981737283850808e-01 -2.464863216368775034e-01 -1.951472090925853164e-01 3.297299893226672829e-01 1.843201094932866990e-01 -2.586992989675006571e-01 2.702860953191649207e-01 -2.570012103402412595e-01 -3.972956134524169847e-01
-2.225818453186998724e-01 1.708247529007096352e-02 -2.098979678632300616e-01 -1.231013754044280734e-02 -2.465722108819353997e-01 -8.615290741663997331e-02 -1.828476588829076876e-02 -5.008586581022003020e-02 -5.336976761848299944e-03 -4.611351264444664144e-01 -1.418133061240747783e-01 -1.117142654652320405e-01 -1.558495704589241970e-01 5.938867883251259805e-01 -7.987794220026629699e-02 -4.541557429410235103e-01
-3.358442407957535347e-01 2.959716685098048861e-01 -2.510210693712049967e-01 1.014278832701187016e-01 2.402516339514534915e-01 4.509092932890872846e-02 4.016378227211953589e-01 2.242895082165463974e-02 -1.651675791607968846e-01 -2.623461433921767672e-01 -6.911044372183633433e-02 -4.555903210592440050e-02 -1.956285446366617664e-01 5.667308978287293186e-01 -1.140065352911332763e-01 -1.712616462483844415e-01
-1.183702823033934426e-02 3.310289434762689886e-01 -4.229278680263273693e-01 -1.301013383599647702e-02 -2.005002067196332560e-01 3.537669046118730592e-02 3.328555891652711374e-01 1.403831440740923621e-02 -7.660340371598098330e-02 -1.030362458151820315e-01 4.732879017204154048e-01 1.374148650241669989e-01 -2.660885137819695712e-01 2.361861618851797129e-01 1.173339179059527670e-01 -3.988453793067892605e-01
-3.809397744102276384e-01 3.418795304934228729e-02 -2.974073092653647943e-01 8.371722935396043452e-02 1.062660188660561195e-01 -3.961345527476319711e-02 -1.491838434963425886e-01 -5.049883896914696829e-02 5.975614466062748042e-02 -3.278932771817110181e-01 4.075571927074794210e-01 4.558418566747821088e-02 -2.062201754996816627e-01 4.741452112417530174e-01 -4.541951377066762857e-02 -4.146321138399559070e-01
-1.722130786061812635e-01 6.309100392090095932e-02 1.196830491394297868e-01 2.195432608555378806e-01 -5.104612615243426382e-02 -2.799054202967804494e-01 -1.238548371515735963e-01 1.601696785206162821e-01 1.308336817253096251e-01 -2.867789226107493872e-01 8.154569554473893589e-02 -6.389359970901468955e-02 -5.417172211349356725e-02 5.841541242472542139e-01 -3.165882146525849095e-01 -4.768662264733688483e-01
-1.270098631489107455e-01 -1.717968611159799430e-01 -5.679420513971723539e-01 2.034683252721903035e-01 -1.616589625780962824e-01 -3.147044599385040442e-01 1.542636871078354732e-01 1.909893568069610248e-01 -1.073026752162480058e-01 -1.707607483805241855e-01 3.888176042300772739e-01 2.089210458486314426e-01 -2.482510442819527152e-01 2.966220517143112745e-01 -1.032794633282630437e-01 -9.575992392037602219e-02
-3.420300394339341743e-01 4.650792959322820885e-01 4.997841783160995865e-02 3.269739087197912619e-01 2.329555596245150295e-01 -2.032340278232626710e-03 -3.886702424275326195e-02 1.106549725196335210e-01 1.401126595892743520e-01 -1.490871147085900787e-02 -2.844606702672431431e-01 2.906378758645047911e-01 -2.973212036712696849e-01 3.213534583771958109e-01 -1.803943935166113788e-01 -2.825370316563034501e-01
-2.027939650034339403e-01 1.823468422780944453e-01 4.955694124890028945e-03 2.396190271744654543e-01 2.892183204394834783e-01 -8.185135128141314900e-03 3.038339432542491725e-01 5.916174818089325882e-02 1.518947054918091399e-01 -3.911680555068686727e-01 2.199448047204731124e-02 1.340507809498003300e-01 -2.745645601968532135e-01 5.240624602525877362e-01 -1.300286722255147021e-01 -3.566238286096121146e-01
-3.349361651653362526e-01 -1.291478161757899090e-01 -3.019731501342119984e-01 2.548047734909564821e-01 1.652552825339080322e-01 1.078365109498590066e-03 -1.503472913483645985e-02 -1.101132435639065460e-01 -8.428204561335826683e-02 -5.619291791987888335e-02 -9.323976186695413781e-02 -8.141429160841043289e-02 -4.426817391790708323e-01 3.373379039547743097e-01 -3.907343667578421220e-01 -4.328319925323516060e-01
2.228235147041975062e-01 -2.288457601169669939e-02 -1.031882998748420571e-01 4.659193547852045203e-01 9.629829853532081291e-03 -2.986767515915497717e-01 -1.334744083051235368e-02 4.953271348078373826e-02 -2.466259420568220340e-01 -3.246323178021307543e-01 1.952610536083095871e-01 1.813154547383103721e-01 -1.786272235449988532e-01 3.288542084069348004e-01 7.926851186918740244e-02 -4.966046566866259560e-01
-2.961400913863163065e-01 1.171132616393414511e-01 -9.710346206334956320e-02 -2.790758954924796309e-01 -6.604718377256927828e-03 2.064195132985815195e-01 4.213065721878193615e-01 2.509625620326766948e-01 -1.212154379177661639e-01 4.027918943765017995e-02 -2.728771437709299197e-01 4.911392603177182625e-01 1.067138079871644829e-02 7.917768474592720707e-02 -2.273073869121664328e-02 -4.350218898235687082e-01
1.031079089593895243e-01 3.845927817246680980e-01 -3.017877235027837668e-01 2.643209166356565443e-01 9.955594845617971034e-02 -8.088613952972859011e-02 3.276278913171382645e-01 8.899685505951801523e-02 -1.334743313144702570e-01 -2.287477187044840432e-01 -9.082916181248980314e-02 -4.741546305129265559e-02 -2.069319165037425412e-01 5.338222148064724060e-01 1.440584003054524997e-01 -3.458648117619400608e-01
3.250108454666662122e-02 8.092734701802070663e-02 -2.243643433804361209e-01 -1.023153881133928716e-01 1.729411729715301382e-01 -8.141577380528131069e-02 5.640452496328779430e-01 3.337456347055577088e-02 1.205333676139750121e-01 -1.743022129671143727e-01 1.487515338929789876e-01 -2.317271868876200763e-02 -2.000955435091932300e-01 6.709953274695906744e-01 1.143576353729399420e-01 -6.974518952834971031e-02
-2.690134504732633047e-01 -1.562445890996216336e-01 -3.335061799484845269e-01 -1.575883904864106566e-01 4.277883677579547711e-02 -1.123372895413836531e-01 3.921489831906536661e-01 -1.159854306320838441e-01 -2.476951583168045812e-01 -3.981038318217734739e-02 2.180538414252305157e-01 -3.714040013117299310e-02 3.972290425944542680e-02 6.285711442960780770e-01 -1.488782909355729489e-01 -2.340230653302736719e-01
3.066758268744960159e-01 1.440038261140218767e-01 -1.403848697347936103e-01 8.883587204568957341e-02 3.203454944699879459e-01 -2.446662723110203663e-01 4.527288654745151852e-01 2.833809894592170253e-01 -1.345416359567339348e-01 -2.769973976914877345e-01 1.670607119845444188e-01 2.203441891840178524e-01 -9.260985387839296493e-03 2.806915651215240448e-01 -1.993667393269500931e-01 -3.463403085809900195e-01
-3.118565903996860927e-02 1.077211560529688647e-03 -5.280678423601322669e-01 -1.261356265023762524e-01 -2.039405039729782487e-01 -1.345087421042465148e-01 4.356284676782023468e-01 2.273587990069824427e-01 4.490025353508814154e-02 -1.208850810110220358e-01 -1.033154307160417396e-01 -6.404471668816244523e-02 -4.003603860654516081e-03 3.266010169270027741e-01 -1.790652503628937242e-01 -4.826575174482141128e-01
2.232075698975773681e-01 4.888502040851461783e-01 -5.108028787589015129e-01 1.652076220057141775e-01 1.711145490623139920e-01 -1.655401449706247197e-01 1.680360482671991451e-01 -9.875100127993081955e-02 1.950412780955683434e-01 -1.984041755842004540e-01 2.600673082353593957e-01 8.048757588252233863e-02 -1.581363221326829716e-01 1.372839660413483209e-01 -2.171383440170942813e-01 -2.929121049625915130e-01
-1.413613884656109154e-01 1.779467547014811774e-02 -2.837662181667192640e-01 1.135085483149558677e-01 2.699452660501828749e-01 -1.349291589037567574e-01 2.521196486491364963e-01 -1.607318446451003746e-01 -4.733477420234045163e-01 -3.070455342282338296e-01 1.119228128123310184e-01 2.322412310446220762e-01 -3.260762178167541520e-02 2.827910456427254471e-01 -2.057647967679017975e-01 -4.445745697668891383e-01
2.416133563779111204e-01 6.161931476631152954e-02 -2.518175171642110799e-01 -1.633519461574446385e-01 3.954644478439273136e-01 3.733972595371879422e-01 2.872940811546139672e-01 -1.847182802504893639e-01 -1.583720155776277561e-01 -3.846071298986995513e-01 1.701521624861918047e-01 5.442801733297275568e-02 1.655051613863176355e-02 4.375261998493861215e-01 1.956930163454071586e-02 -1.955740035834939439e-01
1.957612815744133247e-02 2.709269213305019047e-02 -3.057126476072689614e-01 -1.778343906243043115e-01 3.688745863367359212e-01 -1.502048741454255487e-01 -1.944177287253199757e-02 -8.243071590757669598e-02 1.334838744562437673e-01 -3.704112976629319598e-01 7.359899298061711725e-02 3.230340850525362240e-02 5.605821352035105648e-02 3.392675342036313157e-01 1.396168875225456130e-01 -6.393543956443760168e-01
-2.726054228986202199e-01 2.709636732249274815e-01 -3.246551509942042779e-01 1.929574891072636800e-01 5.382679822277374182e-01 1.081059429455469012e-01 1.180732637232041887e-01 1.238290528642302241e-01 -1.883826649702828038e-01 -1.119695011278381558e-01 5.680152331666150217e-02 8.695061007070618853e-02 -3.431383732332701220e-01 4.207913515791357750e-01 -6.539355706490190823e-02 -1.450500763751854938e-01
-1.474369873403676146e-01 -9.685092619695837013e-02 -1.081246988036217854e-01 -1.404134240570829029e-01 4.314080982053987712e-01 -1.390471130729785121e-01 5.647102269569122951e-02 1.246502118159818068e-01 -2.098003913704025725e-01 -2.339187864370007308e-01 2.187080625075836227e-01 1.202285699897373203e-02 -2.627036304964472935e-01 3.776539862307228268e-01 -3.960805603067953373e-01 -4.450552151613307306e-01
-1.568660244688220851e-01 5.547289229662519250e-02 -1.031891449085082513e-01 3.106437736839671171e-01 1.989040482565877788e-01 -3.061034825638727086e-01 2.976485539000947589e-01 2.302749023576905751e-01 6.985750577382313087e-02 -1.426257277006962310e-01 1.845701794047780175e-01 -1.825831986864323853e-01 1.652966064715112871e-01 5.305568105610258822e-01 -2.298917484442458414e-01 -3.687766829087284481e-01
2.272895720611538273e-01 -1.896093800568360577e-01 -2.970501584666984662e-01 1.799500129929885450e-01 3.072728415880900468e-02 2.882343168393069685e-02 2.010439982379975121e-01 3.205637386281720569e-01 -3.999258446861756605e-02 -6.054582389398705661e-02 2.608001534316798375e-01 6.992786450952830600e-03 -2.106839611463958706e-01 5.206386495784106616e-01 -2.523918610780207517e-01 -4.408257756704288544e-01
-2.974515799529720353e-02 3.339067504308974171e-02 -3.252057665826606492e-01 -2.051467573151990187e-01 7.165580225806886250e-02 -2.293110128990670515e-01 3.122683139338663372e-01 -1.104345569871937188e-01 -2.083862163110075938e-01 6.226576758777728482e-02 2.205739843298920588e-02 -6.435275827911796087e-02 -1.604564129042538867e-01 5.648457347126235595e-01 3.352218790222699640e-02 -5.337420453833220391e-01
-1.743521656623560623e-01 2.606126402135322540e-01 -5.981587078620272113e-02 1.965231081749264919e-01 -1.108281083177523607e-01 -2.988648206199486998e-02 4.146283756963550227e-01 3.100020038501473119e-01 -4.526111479860683295e-01 -1.591518856565604101e-01 1.681054608003769088e-02 1.388947897479254900e-01 -1.312153573317774991e-01 3.071235457548102121e-01 -2.834956515624759144e-01 -3.696166149385252675e-01
-4.402026310334430925e-01 -1.848463809364338517e-01 -3.179610284563278433e-01 2.427908476498367440e-01 1.655535922767536194e-01 3.410961677651980911e-02 3.181927893694616039e-01 2.661626561774368405e-01 -3.525268302725866332e-01 2.975828738577989130e-01 1.353392982369817366e-01 -1.967902381474612716e-01 -3.700143853350325585e-01 -6.386593819037633679e-02 -2.099882822311051334e-02 -6.470594131913596017e-03
-3.392839393504443884e-02 2.741844778133946114e-01 -4.857598408796294231e-01 1.855499471599482142e-01 5.520188401609762985e-02 1.436809893975194430e-01 2.977775410967036795e-01 -8.941191909221614387e-02 -8.707568735524535974e-02 2.702392486861346713e-02 1.730394295172363872e-01 2.406080200103866418e-01 -1.369024165345449906e-01 5.634518478520297302e-01 -1.259949958552269815e-02 -3.168541701522337717e-01
-1.451444511462304798e-01 -1.063842045844231726e-01 -3.986374905400366653e-01 3.069774270643493286e-01 2.297463007962930459e-01 3.309256608802078198e-02 1.422437419261081415e-01 -1.688999895306400323e-01 -1.925803172020174314e-01 -4.502502827214622805e-01 -3.671707682037717718e-02 3.677296157857859460e-01 -3.504507966871946850e-02 2.740751666904919781e-03 -1.468308136790702767e-01 -4.611386598301046580e-01
1.887502794807638662e-01 3.123652375762977496e-01 -1.104268840644138938e-02 3.623784351450012875e-01 4.527171194786330094e-02 -1.970141922632913656e-01 -1.298068759722385002e-01 -1.964450510110932746e-01 -1.234391713351311315e-01 -2.763842609591387611e-01 1.512656685902342979e-01 3.783902263303774993e-01 -9.731656943154469441e-02 3.600296619931225295e-01 -3.976433243612201851e-01 -2.901009754207953817e-01
1.947178787969858216e-01 1.151204303632216014e-01 -3.267773229182696082e-01 5.602630824853527952e-02 2.833761271869734283e-02 1.003578487044404777e-01 6.052190483644408203e-02 -1.863795964574844755e-01 -3.246394339504157234e-01 3.240539191236919275e-02 3.654471294147063620e-01 3.193531286418275772e-01 2.392389997069765406e-01 3.768725027257053828e-01 -4.961354196110739218e-02 -4.959095811329541914e-01
2.738101146142902231e-01 9.955257173401220461e-02 -6.522118485074864802e-01 1.799389804411617166e-01 1.599651563191978043e-01 3.789191226406068286e-02 2.718717000689162000e-01 1.337114622125586683e-01 -1.990958724329694451e-01 -4.695562511809973916e-02 2.750403879936179352e-02 -5.348140057664699937e-02 -1.197263015991915508e-01 2.407542279907523841e-01 -8.015101377564909368e-02 -4.629896864902704468e-01
7.292918275928733651e-02 -4.116432570361538978e-02 -4.735257335943362511e-01 -1.146474100762974978e-02 1.781008391409862057e-01 -3.114972043361967716e-02 4.389964344277336727e-01 -2.092503113398926640e-01 -1.135534323048340982e-01 -1.383442905690982216e-01 -6.843714259036273728e-02 3.074708492530710546e-01 8.087866687361856821e-02 1.774150572576038976e-01 1.276343918628825569e-01 -5.602423636929704243e-01
-4.086938567849287413e-02 1.196796792231043793e-01 5.373317672271486767e-02 3.420134541391895433e-01 1.702131565890919740e-01 -3.895178904809690201e-02 -7.636318693516236378e-02 -3.185522069157135094e-01 -3.166120115961628678e-01 1.459679826586058049e-01 -2.243628466943722588e-01 -4.911540283621814579e-02 -2.194454300610029218e-01 6.479020844389076217e-01 1.134449141337403738e-01 -2.669183793743644117e-01
-2.355321638505596116e-01 -6.829192294569363941e-02 -3.962899604449947599e-01 2.116113184669746183e-02 -6.654458221805059637e-02 -2.157140742377320897e-01 3.799813417143482752e-01 -2.246073829875825933e-01 -3.177153147691564317e-01 2.652029767938774985e-01 1.223364851259995945e-01 -3.075787189368745511e-01 6.259887081607353257e-03 4.758940313717318071e-01 -1.448231467939952166e-01 -9.076157671328191623e-02
-1.389560685293419855e-02 1.866256335059952587e-01 -1.627975656783342551e-01 6.059625688275905447e-02 1.169123416215047361e-02 -2.760926408899840312e-01 1.482657448783308018e-01 -3.880965465614085175e-01 -1.678936025693466561e-01 -4.427309963843437668e-01 7.244877237253465052e-02 4.038351281498042677e-03 4.619000187541028035e-02 3.925422203571538038e-01 -2.321536475195894178e-01 -4.962408512882146017e-01
4.961247489913361841e-02 -1.332429170021232900e-01 -1.591892897229216786e-01 -1.075227627601558905e-01 1.304640516344191536e-01 1.758630681680219687e-01 3.016661242182323566e-01 -1.934525854976880954e-01 -2.471384836396028351e-01 -3.507125473902493740e-01 -9.280114982786791256e-02 -2.475818461779704938e-01 -5.186819574500992069e-02 4.720291612644032520e-01 -5.172534478044639172e-01 -1.395313550418817161e-01
-2.151030398774203267e-01 1.870597066457340418e-01 -2.542782972628174556e-02 2.563054217410710711e-01 3.463182273699880742e-01 1.299501606823924849e-01 2.380366918572843771e-01 1.390623066236959804e-01 -2.571329795390007722e-01 -4.041967535237886988e-01 1.024609333854315102e-01 -4.268355077733458902e-01 -1.789404790752933960e-01 3.932272372191144560e-01 -1.360233579862061282e-01 -1.106718872617580840e-01
1.932597999949648149e-01 -8.437886019482074285e-02 -3.664210388911069982e-01 -1.067320285269019453e-01 1.245167252020939752e-01 2.511619334337744092e-01 2.411690891886625054e-01 7.455345487130699000e-02 -1.927955546616430260e-01 -2.851974457352096093e-01 2.223291788389435489e-02 1.776393171272035720e-01 -2.431695115476506797e-01 5.333710214635416502e-01 -2.695476378548683494e-01 -3.173917919437855284e-01
-9.265209972813219508e-02 -7.145456010665307556e-02 -4.665326469333214154e-01 -4.673486244250323225e-03 2.287255691275105751e-01 -1.962726579625040380e-01 1.376932096624913227e-01 1.046752868259063635e-01 -2.583696401471983206e-01 -4.693887366539437056e-02 3.787040363637807494e-01 -1.743961314258321571e-01 -2.057127777796306511e-01 2.709111618851695047e-01 -5.020433043797155603e-01 -1.932191335206212557e-01
-1.292028738558773926e-01 1.934234316872248116e-01 -1.302823705135099375e-01 -1.115193680278442068e-01 3.927604853308289123e-01 1.529608083832596256e-02 -1.793539928746584050e-02 1.124177646408181241e-01 -2.961928783046964275e-01 1.570007115299530687e-01 4.221272159786357281e-01 1.153563951718224317e-01 -2.574602397803228693e-02 5.014165802593967269e-01 -2.405508165076622462e-01 -3.677032195678442972e-01
-6.406642920954927489e-02 3.032999404531485088e-01 -2.457955317194180089e-01 2.407387654523246434e-01 2.941808312880034304e-01 1.412407585501360696e-01 4.284905771844882971e-01 -6.819779120437101383e-02 -7.620799827174615237e-02 1.170425260063771566e-01 -4.702329315957806677e-02 1.310444569250189817e-01 -5.154974300558953088e-02 5.519466979619493952e-01 -1.666750352401906443e-01 -3.417807233860605254e-01
-1.102321611718347881e-02 -1.845361641898938254e-01 -2.872047996321412389e-01 1.308051951883635600e-01 -1.288702300637630804e-01 -2.039414289780087930e-01 -1.654921402812552511e-01 -1.757666522084412319e-01 -2.241411981849965873e-01 -2.603521204172158932e-01 -1.349738034386595564e-01 -1.010563846326866244e-01 -4.643811738653986776e-01 5.046893086821911956e-01 -5.965766098153765795e-02 -3.596860524777425461e-01
-1.197845873076161666e-01 -8.639670614908577517e-02 -1.322313718326142140e-01 1.996414741522521685e-01 1.877384639481997075e-01 3.442129968526290718e-01 -3.829172708211828757e-01 1.101837208377364763e-01 -4.739657924099075492e-01 -3.876819359266151510e-01 1.229247684039991295e-01 -1.575970648603011726e-01 -1.708339819395868486e-01 3.707516190394580941e-02 2.966496872198844462e-02 -4.025220298193507573e-01
2.093736554268070538e-02 -1.940592636483914613e-01 7.732020985470634822e-02 6.148482311715196443e-03 1.158580768403365407e-01 1.626854792700656652e-02 -6.277214136864409100e-02 -1.069749115629600872e-01 -6.975546212704818172e-02 -4.706982131127894764e-01 5.365256681775525116e-02 1.651039106564652914e-01 -4.373755877851955298e-01 4.976118313784724245e-01 2.493330462286030835e-01 -4.113055289547176141e-01
2.791513687213103556e-01 -6.733541636932352525e-02 -2.460422960401861536e-01 -3.305769107980235932e-02 4.154246152515064794e-01 -1.111191884157805426e-01 4.573058189687553149e-02 3.463647034419964910e-01 -4.007910645190189136e-01 -1.887997306282501453e-01 4.442656355914745281e-02 4.241879916448885735e-01 2.522336412833481867e-01 2.630090515208081126e-01 -1.716534407307465648e-01 9.207329461021007688e-02
-5.930326397704919345e-02 9.047179441628414032e-02 -2.406951615595069316e-01 -2.355178010125585641e-01 4.157386295984991653e-01 -5.998258355313382945e-02 -3.152043924932872998e-01 8.966268518676299981e-02 -1.140269409366179371e-03 -2.960741053437838666e-01 1.059949848507490133e-01 3.728550447058989192e-01 6.871186059312049677e-02 1.331393421100844077e-01 5.548240224332072756e-01 1.512328005244672202e-01
2.940356918285712551e-01 -2.812460852371544973e-01 -6.820189866068879225e-02 -5.138485603749536057e-02 3.296560020108159350e-02 -1.873457419396419577e-01 -5.101470308482404237e-01 1.885280791090702956e-01 -3.461686493466888392e-01 -4.261386847058885874e-02 1.286975415452483711e-03 4.229407718332984789e-01 2.117867540875300603e-01 8.394339079379545265e-02 3.346220316551591911e-01 1.754209424449202359e-01
-1.702366867869149411e-02 -6.916605349693720484e-02 1.202149947156301996e-01 -4.777949136437648070e-01 2.782511118341253198e-01 -2.117357799370176222e-02 -2.504278803206823611e-01 -4.232668690144347767e-02 -1.525464043100083489e-01 -2.081443041566678753e-01 -1.597427042105179981e-02 6.415214249238694599e-02 2.393471489947704145e-01 5.002012023635051818e-01 3.058610666140916812e-01 3.712203251592571251e-01
4.600886029435363733e-01 -1.605982463623716328e-01 -9.056518367622162780e-02 9.697261579906935394e-03 1.893444622542366229e-01 -1.718895733347348687e-01 -2.009548018059881536e-01 -6.360716487289984344e-02 -2.357133461737338093e-02 -2.866301370953509009e-01 2.028057470559195552e-01 2.288329787825972295e-01 4.231665034373656153e-01 9.218051420434794641e-02 4.838111447481289185e-01 2.157707802124624319e-01
2.036506029865063905e-01 7.339012622944338093e-02 -5.924878097079472675e-03 1.220930434397994174e-01 1.457069246697234588e-01 -1.147136573633950191e-01 -5.371623160396440388e-01 1.622933041554435740e-01 -4.192575503817262961e-01 1.522170706747700761e-02 7.201133079159581507e-02 4.315576809139147763e-01 1.845942600649088938e-01 1.179943052797548242e-01 2.182811670728704856e-01 3.547473494571535269e-01
3.394106518537585299e-02 1.716446485254916055e-02 -3.234087047280854998e-02 -1.501158273788268938e-01 4.017588257850070455e-01 -3.763758276880079662e-02 9.410602195118142332e-02 -7.936236456015784146e-02 -3.046001982233310576e-02 -2.918578265290243667e-01 -3.862540245456231452e-02 4.522634211409183314e-01 3.204628550582239721e-01 2.263823224672954493e-01 5.168995986752146221e-01 2.893408053834043425e-01
2.061395012113356739e-01 -1.918515383400534458e-01 -1.083136384345478875e-01 1.082794030308731059e-01 5.883990054141292614e-01 1.062356598064263108e-01 -1.646498384192823794e-01 -1.075143276372455964e-01 -1.750509063598294501e-01 -3.884900320925350342e-02 2.267082910985283029e-01 2.162862636877214140e-01 7.101411803280939516e-02 2.547593127151608350e-01 5.322359860931364928e-01 1.323857836455412385e-01
3.447656333518815952e-01 -3.028412320470029173e-01 -1.097624059313261763e-01 8.565296587412149498e-02 1.456632678116003277e-01 -9.251435659469908757e-02 -6.527259872337271007e-02 2.461549519700269306e-03 -2.862014541997462760e-02 -3.987080047578189096e-02 -2.197671823399848651e-02 2.211853008763436101e-01 4.050111718540133632e-01 -2.199428615210717933e-02 6.831111068834109235e-01 2.302674001180391727e-01
1.515353836248614083e-01 -1.272243264472929236e-01 -8.040537597511464296e-02 -3.195122630100130090e-01 3.943596905810550224e-01 -5.645238397651040907e-02 -3.498609125928763275e-01 8.442987633806513237e-02 -2.273237785008934142e-01 -3.229827077251094802e-02 1.626934944531477634e-01 3.772010682349552502e-01 1.404535431193404960e-01 2.932709332389933365e-01 4.342176802958565562e-01 2.197982226012638596e-01
-2.970498091084775028e-02 1.123762722326489133e-01 -1.474502369537660229e-01 -5.899394843607019823e-03 2.057927651783966472e-01 -1.957123162925565041e-01 -3.357959824934636517e-01 -1.727513207074846124e-01 -3.406200941380864156e-01 8.221779684353397455e-02 1.439509561700403339e-01 2.625545845842911508e-01 2.447755450736568139e-01 2.477653792084120177e-01 5.933801572294518101e-01 2.358294188320302076e-01
1.194805730900658919e-01 -6.599629642880897040e-03 -1.490881082277996650e-01 -3.257076663069124467e-01 1.837964882914097653e-01 -8.872224502747784458e-02 1.640992397369534228e-01 7.286266881979490406e-02 -4.264073291093857521e-02 -2.889803198441228682e-01 -6.850510883569927052e-03 4.148336298475592265e-01 5.729342397464528558e-01 2.861358137035027172e-01 1.921551649294311603e-01 2.810072829962206309e-01
4.686034269115090800e-01 -1.601060414967181711e-01 -3.470524967090499874e-02 3.984056236325265177e-01 1.692978447978515377e-01 3.184344680301819108e-02 8.966732313084083139e-02 -1.078711852198881160e-01 -3.287206098304304991e-01 -8.078905289496693398e-02 2.363636175065204903e-01 1.836132079057314903e-01 8.959108125458915828e-02 5.047444920995725059e-01 2.388522340697714907e-01 1.465727382977826121e-01
5.405473518743349887e-02 -9.463085263963742777e-03 -2.189850775981561082e-01 -3.334554595277785527e-01 3.470518588530444037e-01 -3.959582406640220209e-01 6.410053300460572629e-04 -2.487763262563073285e-01 -3.349771053500320561e-01 7.947563894783060690e-02 1.114507445891203402e-01 4.305223885443493215e-01 2.330097521239188063e-01 3.148215541098313142e-01 1.120108010902590295e-01 1.283515740648222825e-01
2.824368083226042603e-01 -1.874331099487107702e-02 -8.733240612084888777e-02 -2.409113447484973469e-01 2.932250157463803797e-01 3.631883968930787465e-01 -3.103904832633318511e-01 -3.001099893541563368e-01 -1.064669985700375798e-01 -3.653369296848147929e-01 -3.516697807053738301e-02 3.622505726561600081e-01 2.950341834678382180e-01 7.641067808205650493e-03 2.153636029833376486e-01 1.978999963824159547e-01
-1.045180826299469540e-02 2.697404059000711452e-01 -1.743768503579431750e-01 1.745039814078899743e-01 1.291410615776763804e-01 2.083486031233168154e-02 2.677475420149717442e-02 -3.119498258459561107e-02 -2.714003263260225118e-01 -4.215810338528835910e-02 9.991303020373804022e-02 7.187458705524520930e-01 1.200644970362516883e-01 1.656048810787854320e-01 4.069401847480011436e-01 1.949768477800729871e-01
1.944253071017910117e-01 -1.841747804108695152e-01 -2.300151621476844432e-01 -2.433961460712216474e-01 2.216180371680397387e-01 -3.050386210006475474e-01 -7.113078108515608067e-02 -2.709344610717760449e-01 -1.342180410946869629e-01 -4.207269909737833269e-02 1.048637379120672015e-02 3.262064039246078129e-01 1.694261208053383649e-01 5.656974334535430637e-01 3.470723777191494497e-01 4.289289050899027997e-03
3.630846799209673237e-01 -3.677039947733957287e-02 -2.068596705817895287e-01 -2.830132170067098385e-01 2.741391335460385270e-01 1.240655152153924759e-02 -3.640624696747832290e-01 2.239320234374337359e-01 -2.837433964732022362e-01 -2.192207963709862373e-01 -7.518757190173513960e-02 2.332149365790512907e-01 2.370757397091494967e-01 3.570705854913018840e-01 2.378175097338097177e-01 2.388826093990449873e-01
4.410179040655374805e-01 2.020380823721427688e-01 -4.300415917870132332e-01 -1.853110290889586897e-02 1.269452449445888642e-01 -1.073343982753896669e-01 -1.075297605820322716e-01 1.784130855070061028e-01 -4.199237879692138131e-01 -1.322178842677415034e-01 1.245556541555939839e-01 9.512599756190068256e-02 3.031605381176937786e-01 1.701326891472433600e-01 2.485755785613222857e-01 3.276478556359773697e-01
3.356142045666997142e-01 -1.379478920803792197e-01 -1.420052666642667161e-01 -8.893283285948958006e-02 1.855026039511430691e-01 -2.570501566004339961e-02 -1.064024724609620581e-01 -2.754941480199410986e-01 -3.721231507028127661e-01 -1.508199151183616249e-01 9.569276684830500812e-02 3.491543753481328727e-01 4.007955663727135742e-01 2.970676302658132317e-01 3.150337576641688009e-01 2.784739909222364584e-01
3.401296363012322188e-01 3.000192662021946774e-02 6.803410588745742449e-02 -4.841921490630385905e-01 1.280242414777010007e-01 -1.941031938629009523e-01 -2.405595526075615942e-01 -1.951820368257973781e-01 -2.807828696058479179e-01 -3.401453145751514584e-01 -1.016086769901268227e-01 9.563648884346559464e-02 1.487882643318156894e-01 2.886568295027344133e-01 3.009200082294100076e-01 2.903235706979255815e-01
5.607580707839687761e-01 -1.021168956798095967e-01 -9.075698884444956260e-02 -1.408483325211686843e-01 1.607846545232814450e-01 -7.033396217970101783e-02 -2.773853646054195710e-01 1.099441778252135959e-02 -2.497058370466184174e-01 -3.208642943271285408e-01 1.297898810934192682e-01 6.962121828777349808e-02 3.779615922352775326e-01 4.331333713089718929e-01 1.696584839304037667e-02 1.464192696540201066e-01
1.043412100925819319e-01 -8.854303714648878443e-02 -2.006038680605759517e-01 -2.039893544326350228e-01 2.773839132841354749e-01 -2.053589997030675907e-01 1.038112414427659475e-01 -1.333802043698067118e-02 -2.271694776214933931e-01 -2.932801615019360320e-01 -2.016062419004364600e-02 4.573274479748156707e-01 3.251077930162781793e-01 2.505415083273238586e-01 4.718394369373456465e-01 1.762895182452475507e-01
-9.598380153105925960e-02 -1.781275448821408591e-01 -1.255810171210565984e-01 2.133693035765609966e-02 3.836409622526190111e-01 -3.239640770473438125e-01 -5.307180896160498818e-02 -7.293475759576055484e-02 -9.474523204653705066e-02 -2.527941162282006937e-01 2.330002282914693801e-01 4.876300282211809001e-01 4.408366997990508240e-01 2.305847444757208875e-01 8.629462703017393155e-02 2.503115384904452401e-01
2.549596664438871230e-01 -2.788245538485061709e-02 -1.005112065878591698e-01 -2.767529082209996966e-02 4.345620264462645155e-01 -9.161284353251700208e-02 -2.069696293534608322e-01 3.416399284949601933e-02 -3.953954101514209341e-01 -1.091096523609061536e-01 1.039944840944950488e-01 3.870165190038455938e-01 3.145526308062396859e-01 2.240128434585886841e-01 4.473308146919696693e-01 -6.356087098049639783e-02
9.030511316151811074e-02 -1.159756029870468580e-01 -2.142801313390128859e-01 -2.967994327352144190e-01 -6.080253961779748251e-02 5.766917159414230998e-02 -3.090679813271030030e-01 -1.658469036827811827e-01 -2.478655301922643439e-01 -7.951045534949666149e-02 4.840271589150413334e-01 3.035061443838988349e-01 2.227876518335796530e-01 1.465510802742569230e-01 4.828786911592083952e-01 1.260832353754321178e-01
1.533310553739524185e-01 1.204817704724950866e-01 -1.691312186163800579e-01 -3.741797995786818598e-01 8.293458626333655159e-02 -6.641363630454331923e-02 -1.067211533175102534e-01 2.124635679934261390e-01 -1.701030088699946319e-01 -7.711830713741131549e-02 2.210266341701914716e-01 2.920026259170218630e-01 5.231151392113735366e-01 2.125098957079515627e-01 3.575409907935712672e-01 3.315006964118564770e-01
1.756478202912538644e-01 -8.361210362939933138e-02 -2.521080127798527304e-01 -2.033654880806124582e-02 5.515739500089545944e-01 -3.328462031176059321e-01 -1.773557902919312979e-01 2.225264999362881191e-01 -3.245359153087495896e-01 -7.968791210851734752e-02 1.710143352160690411e-01 1.948115574753531698e-01 3.008978732780001053e-01 1.596250795516410692e-01 2.325434179730387074e-01 2.307032518226977691e-01
1.307640653144034881e-01 5.398415635115510341e-02 -2.365808590522405774e-01 -3.667591565593806280e-01 5.094508594839678439e-01 1.703716972238413507e-01 -3.026329867994656531e-01 7.877053330790539931e-02 -1.081133454861496618e-01 1.893585545299209805e-01 1.218200007186685530e-01 3.638634587048693025e-01 9.057812582600378859e-02 -3.443057234801919636e-02 3.670643230820612168e-01 2.534511944400860695e-01
1.119220356386324555e-01 -5.175783763889372537e-03 -2.060831779185471335e-01 -1.231740381670919371e-01 -1.519254165339292417e-01 -1.081101993739544964e-01 -2.621341375949068353e-02 -1.561938760714781937e-01 -4.526586956143340279e-01 -2.134771248610988770e-01 1.404997025900485697e-01 2.194824169870296937e-01 9.324017670907633337e-02 2.337550764646618151e-01 6.570386207838999626e-01 2.377640448948378227e-01
3.476589416598795390e-01 -6.581942606070172175e-02 -1.642183651550506440e-01 -2.061363455027283575e-01 3.680940968516780987e-01 -1.715265804594429955e-01 -1.020966126004432123e-01 5.553563680414469461e-02 -1.499522452373786285e-01 -3.516626440979164769e-01 2.056084648117547931e-01 4.214522900596447408e-01 1.875745891171063384e-01 1.963612483728507663e-01 3.362860670012813857e-01 2.721014368503869019e-01
-3.132811836454464649e-02 3.867611418769501680e-02 -3.037168753429667634e-01 -2.683138764414388922e-01 4.953189436674605428e-01 -1.062638615875069331e-01 -8.219772993119385529e-03 -1.592961371374551349e-01 -3.453680993338786309e-01 -2.338735382739800805e-01 2.709588169840422903e-02 9.512911008184414541e-02 2.561755119930070879e-01 1.786871961090276684e-01 3.606368371526020300e-01 3.739480133384280869e-01
2.482159101474331886e-01 6.555376999809842120e-02 -1.764755872049412477e-01 -1.821339163805389960e-01 3.240066936872023629e-01 -3.125754619810028334e-01 9.846100261336905232e-03 9.628484848720396394e-02 -2.950750165901046551e-01 -2.525900446467589933e-01 2.525229474293700926e-01 2.716105549781880901e-01 3.502312794893812087e-01 1.117776282482861872e-01 4.830266057245526379e-01 -2.901165828290748483e-02
2.838917050999635316e-01 -1.676902193456992485e-01 -5.579466693654527853e-01 -1.316230706727177513e-01 -2.041601027143840827e-02 -6.189110807800128622e-02 -2.236210573418651870e-01 -1.338660131135944731e-01 -3.726777319852754289e-01 7.828150817680401552e-03 -9.018148373646643623e-02 4.398631911574427122e-01 2.875397391364864497e-01 1.962473450633731575e-01 1.280919426727953059e-01 1.109981775613264054e-01
2.428164731925814002e-01 -1.705773472153997994e-01 3.908269705384052883e-02 -1.805316104332428673e-01 1.425085058761438594e-01 -1.747537097991339883e-01 7.883666861480571886e-02 6.071031025347314869e-02 -2.290789646418329439e-01 -3.996094311214226646e-02 -1.855976368187672865e-01 2.931548383523980283e-01 5.359832092384676505e-01 8.220724165215297086e-02 5.458973944085793173e-01 2.248902543866017345e-01
-1.092402976216422100e-01 -9.678062195291299574e-02 -2.402753624172125346e-01 -1.384116624390797079e-01 7.275400046791502540e-02 -1.746657479127895207e-01 -2.630214351217460833e-01 -1.665521240132409875e-01 1.018992086456091666e-03 1.033724706230351315e-01 6.971105965350053724e-02 6.306115161464441732e-01 4.239094967175200401e-01 4.481660738720891907e-02 4.067364416312306274e-01 9.342982534113938864e-02
1.191640813993841974e-01 -1.844744663661947170e-02 -2.011831179505652323e-01 -2.204743139117946171e-01 2.579876732619543200e-01 -1.543182323273931955e-01 -1.835422555019147473e-01 -6.295959290699665138e-04 -2.288754704355450420e-01 -4.416397429195696445e-01 4.164719373804937411e-03 5.052333772637774834e-01 1.437677394256911545e-01 1.265959212692271685e-01 3.980069557218496867e-01 2.729526518969493942e-01
3.168075671323075104e-01 -2.097866998904342473e-01 -2.973232713073009972e-02 -7.565056631670195875e-02 1.866925720077982909e-01 -1.854185694864642076e-01 -2.417227966066801959e-01 1.405539566696686060e-01 -2.966136041819703029e-01 -4.611375728777014071e-01 1.744099470780061806e-02 1.095116013474556615e-01 5.407028153652515545e-01 -5.282858937198906674e-02 3.011592529857726186e-01 -5.314356516706453953e-02
3.238492726591549742e-01 2.162582417371967658e-01 -4.449035469230411821e-01 4.954920340528815026e-02 1.966678839516458610e-01 -1.920916611381182360e-01 -7.984046437714492628e-02 -2.228691179047152804e-01 -3.809818420637840763e-02 -2.263951229253431674e-01 -5.001279255940034585e-02 4.264923569207202392e-01 2.834880537788914689e-01 2.193459024057388407e-01 3.698331400453234163e-01 1.182338329868697635e-01
2.828682500274636857e-01 -5.871927387426813943e-02 -3.587453094483865068e-01 -1.555460802873765980e-01 -9.312356924060354035e-02 -2.656712455802988648e-01 3.734141727776771336e-02 -2.391557992974360780e-01 -1.857778294985630574e-01 -6.067576817235227349e-01 3.256028535837403592e-01 1.289692410660911170e-01 4.346983526632224037e-02 2.598171581293063914e-01 1.374220210622661698e-01 -1.104706677079551336e-01
3.526755465546659307e-01 6.249891842911484835e-02 1.797743168821685708e-02 1.861272454964340017e-01 1.352781930821506662e-01 -2.130478853515520854e-01 -1.162121203780323714e-01 5.697293591773985866e-02 -4.330074058487546340e-01 -2.418286459737667704e-01 2.587829787287535543e-01 4.206265206310403904e-01 2.536444419691420427e-01 7.906728664946999219e-02 1.917380562972016977e-01 3.988534977925207725e-01
-3.496969385717843895e-03 -1.165154820043851208e-01 -7.260983778340215911e-02 -1.522816404194619333e-01 1.738762395864827948e-01 -2.823599061173284741e-01 1.700658821414471056e-01 -1.510524417340919634e-01 -2.692524104188840361e-01 -3.338034264980737076e-01 -1.326345473434930589e-01 1.610022875489574568e-01 1.980891797203953586e-01 5.866985188568079046e-01 3.967570935879297100e-01 1.671669977665083684e-01
6.266490739642052721e-02 -2.974238294431162666e-02 -6.830212873531678330e-02 -3.255701315386748673e-01 1.286114624256493866e-01 -2.246735476275605603e-01 -2.276800764456529125e-01 -1.867723057288350197e-01 -1.997822237611660834e-01 -4.962669379023212923e-01 1.024524797968967699e-01 3.841351879629788524e-01 4.035494843800838116e-01 1.575807984144871055e-01 2.839827765561199202e-01 1.349292794127089634e-01
3.985413701717471224e-01 1.006875330508237854e-01 -1.413921522682614063e-01 -1.569286794065294366e-02 3.294853788688958951e-01 -3.087723189217456143e-01 -1.899543023448785894e-01 -2.966684588232604280e-01 -3.838771281363361210e-01 -8.918720220463684234e-02 -1.065817321927392813e-01 8.867242410483394677e-02 3.147088242864272134e-01 1.640646376882815005e-01 3.979316359518676460e-01 1.547453119481657924e-01
2.457731165694904407e-01 1.109210423272112833e-01 -4.325952825902889542e-01 -2.718119971270444024e-01 2.663900536359767868e-01 -1.690829067236186145e-01 7.524709176961565105e-02 -4.843383766159140014e-02 -3.609989684145203381e-01 -1.324750096073075145e-01 1.078277250186319980e-01 4.355828903187388690e-01 3.255630370530565032e-01 8.488857134009133998e-02 3.020397459413531882e-01 7.110893763013438618e-02
1.112922395701288619e-01 6.867762036011246241e-02 -3.150020530290479348e-01 -2.549639440909783894e-01 2.162743309381053858e-01 -7.831968927653695789e-02 -3.531365197422261515e-01 -2.697947397215520460e-01 -1.778214459303120720e-01 -9.377633370863563966e-02 1.777908013071446136e-01 5.100681256742805036e-01 9.277296843465206166e-02 2.993638709467361658e-01 3.423928934898155529e-01 1.435596701668506725e-01
1.877170849387020946e-01 -6.405144454728588232e-02 -2.414398350492958645e-01 -3.527364407272491342e-01 2.679829706948051726e-02 -7.426858557915200221e-02 -2.855867926036900206e-01 -1.481335043942273721e-02 3.699767427758158395e-02 -1.701503352656206780e-01 -3.181832408165335968e-02 4.506290286784667143e-01 1.842995314816948116e-01 1.967795997089218651e-01 5.924869060335982152e-01 1.783315485326376348e-01
3.135638454370687778e-01 -2.023830696664941364e-01 -3.358002689267135937e-02 -2.441129867332135495e-01 2.536519277383224025e-01 -2.192890126734867162e-02 -4.762288644848959862e-01 -2.213764433650671978e-02 -2.140249902720430253e-01 -2.777210578356644199e-01 6.265005197125413094e-02 3.572778007491272390e-01 1.184262790416874822e-01 4.658336552612744041e-01 -3.485653483980089701e-02 1.454199481448088249e-01
6.017293485756885357e-02 1.837723238665434355e-01 -3.550050716191597844e-01 -2.676044275570952924e-01 3.557646859561123254e-01 -3.433812851992585485e-02 -2.547244023263154356e-01 8.574342173650799023e-03 -2.002884838810561341e-01 -1.492384522021101001e-01 3.356627151717427038e-02 6.158302415370393579e-01 1.711589623797210857e-01 2.330565540147368775e-01 2.139804236619865241e-01 -1.005078061860320907e-02
2.486801076848544345e-01 4.316402326386190036e-02 -2.713268341485012281e-01 2.675038756489336311e-01 6.204689697279309746e-01 -2.971520332507467943e-01 -2.152616834440035931e-01 -8.829568206790376628e-02 -2.138369605781830496e-01 -3.613791511319863758e-01 -6.586760148642195611e-02 2.221193372275683670e-02 -1.372025882162265231e-01 1.952691739727701048e-01 1.455141754705901180e-01 6.649571672226738117e-02
6.433647987659013578e-02 4.190719246100632622e-02 1.372489761364509286e-01 -4.613012989887793625e-01 2.496373525018351913e-01 1.713852870327612493e-02 -4.666653710562967267e-02 -2.371588642834443483e-01 -1.798282091347070122e-01 1.460509041765005629e-02 -2.021023007927892912e-01 2.205363973628929608e-01 3.091462804380453733e-01 4.826666254715458182e-01 4.081102546702047307e-01 1.559108563250458934e-01
2.185337525556789451e-01 -1.138635025914850329e-01 -2.460944780873750570e-01 -2.276950572508722737e-01 3.209169965909039468e-01 -3.435765355872208993e-01 -2.794829987092938839e-01 -5.599920806970727638e-02 -4.877741889889277704e-01 2.169607614348523575e-02 2.976958959493524737e-01 1.861115598044404129e-01 2.917769698399460543e-01 1.355611863271338757e-01 1.986015677426266335e-01 1.413626603879207244e-01
2.064679656100805727e-01 1.811847401428026139e-01 -3.263517245265712408e-01 -2.091852751279011935e-01 1.202037423238992986e-01 2.756816221117854848e-01 -1.245579502597622956e-01 -7.643724979539347208e-02 2.120174358831105332e-01 3.469885978200870635e-01 -8.167369945728167324e-02 -3.313993594147260913e-01 -2.327438110118193737e-01 2.150095584846603292e-01 6.641596854985094833e-02 -5.251799955203428905e-01
2.958696393606269348e-01 2.621933429578520158e-01 -3.087015283238183638e-01 -2.829125373626762974e-01 -9.288662109359836772e-02 5.043919882982068614e-01 1.731980614419298958e-01 2.438034694266838151e-02 4.008884994826292236e-01 1.788960068243740931e-01 -2.560415940021426029e-01 5.938785079011670714e-02 -1.729690959341487477e-01 2.496664904768149673e-01 4.181560706259958987e-02 -1.376542895074127359e-01
-3.333728763490621111e-02 1.774094377790740029e-01 -1.352857794924751667e-01 -1.799955529625273942e-01 2.858855393629300065e-02 5.260472299809800800e-01 -4.342782764721153654e-01 -3.068585751070824208e-01 -4.900095530562873641e-02 -1.534998507592107986e-01 -3.672155887043309086e-01 1.603044522617270429e-01 -2.818050110605720415e-01 1.379903735069925863e-01 -2.475099665968226448e-01 -1.009276002446488629e-01
-4.746706856018266807e-01 1.310741299999645393e-01 -1.350746515107858481e-01 -1.713771480129943903e-01 -1.434291390560298862e-01 2.080148096959225645e-01 -6.003292631461917134e-02 9.418706672040144667e-03 3.730255770130084803e-01 2.244544594661976311e-01 -9.134496713318678018e-02 6.897252690981572898e-02 -3.226937081872349733e-01 2.675992504118541726e-01 -3.016614097669765293e-01 -4.159183679960620217e-01
4.212008451423717714e-01 2.171266827900987795e-01 -3.021600931277528268e-01 -3.219994210811693569e-01 -8.215549083402307051e-02 3.741786081901482541e-01 2.101455886459559219e-02 -3.341597122800493147e-01 2.022476470205593624e-01 -4.444209679450830675e-02 -4.842791870654714059e-02 1.751657988331684762e-02 -3.144744129732051086e-01 2.092355446524412632e-01 1.232041641191820511e-02 -3.650222668884375854e-01
9.282472183686603373e-02 3.422261700881439328e-01 -3.417371172769564924e-01 -6.178286684074699858e-02 2.678353148368728953e-01 4.949256621548555612e-01 -1.198622429083337493e-02 -2.837274148437768928e-01 1.765088608432750783e-01 1.485906925586640281e-01 -2.556011348504329539e-01 1.475917731187189885e-01 -3.783727351174306919e-01 -1.034342214532370657e-01 -3.587397863738382708e-02 -2.466373986877152258e-01
2.136118992100719816e-01 1.041178458156218761e-01 -4.821969443074234918e-01 -2.622655223692552107e-01 2.086602093351515863e-01 5.307128590818028790e-01 -1.157546348130814723e-01 9.372810738715085799e-02 3.334135773306692169e-02 1.483090705354332683e-01 -2.913669133238211417e-01 -8.482686107162069888e-02 -3.300994478269771437e-01 -2.276214493506748815e-01 -9.409291737452053772e-02 -1.001242737201051280e-01
1.419219714451097902e-01 4.131317417051031393e-01 -4.375448034618154014e-01 -1.990405747876941300e-01 2.802473022798916968e-01 2.492067437480080250e-01 -2.420122952057006394e-02 1.973860095814985310e-02 4.338679830642664381e-01 -1.384034939271286957e-01 -2.978937955135507187e-01 1.686837612680900100e-01 -2.072733370433036681e-01 1.494004626929196500e-01 -4.001573686573615257e-02 -2.121885407992354644e-01
-7.961921760241034984e-02 1.088179829396468540e-01 4.294233433865207727e-02 -3.914594529240817411e-01 -3.798682850231734076e-02 2.340481785767200562e-01 -3.424352556163446915e-01 -2.576925790709877137e-02 5.297600662241870317e-01 3.096462394484302272e-01 -2.118782503018715180e-01 -3.991757090161202060e-02 -3.516459915002329573e-01 8.815268756684785378e-02 -2.866120242253386574e-01 -1.265021444732475908e-01
-7.539552000824532862e-02 3.885709547874384717e-01 -2.460562561156718897e-01 -2.741678164309792054e-01 9.961987412356002047e-02 2.631052958476453457e-02 -2.794515277161701006e-01 2.759611580409020992e-01 1.366134260047895121e-01 -2.567657592004780054e-01 -3.889315532982910995e-01 -2.488880947974388691e-01 -3.092279805584411401e-01 -1.918559869361049497e-01 -1.192282671548336587e-01 -3.135305599503234730e-01
1.687544694714528115e-01 4.417572230467826655e-01 -4.196190691830775643e-01 -5.095855556921364410e-02 1.138865408699783061e-01 2.280427433509028268e-01 -6.272868575521897694e-02 1.180105971881059146e-01 2.777605561470586903e-01 2.554282084777403927e-02 -5.617120683702503392e-02 9.571483386232186585e-02 -4.156232469655510298e-01 -1.684933382420609194e-01 4.226847334466058981e-01 -2.120036621717922287e-01
2.006267961169770908e-01 3.695468465479201381e-01 -7.169438409747243279e-02 -2.759557505114957898e-01 3.571304828607736459e-01 9.358397475086807638e-02 -3.504798902410566352e-01 2.115391241792337687e-02 3.185943252442474116e-01 -1.857638525261711970e-01 -3.848720671414562200e-01 4.925453648906045340e-02 -2.362746921422987922e-01 4.733726166430030080e-03 3.627041168328135057e-01 -9.134050170005102165e-02
3.502785326507366903e-02 1.801874322821105934e-01 -2.626996469551783342e-01 -1.220048493506789289e-01 7.315366229461338354e-02 4.693389554886360227e-01 1.184563453177692460e-01 -4.257128411997796597e-02 3.437456687412660528e-01 8.874118018547112741e-02 -1.689324124889371725e-01 1.465579183377495043e-01 -2.689019668937779883e-01 -9.177619817738480457e-02 -2.819750865035456910e-01 -5.519419938073039100e-01
2.046528010892467442e-01 3.338349719927525272e-01 -5.508314463590190113e-02 -6.355522020085650758e-02 -5.312705222510603204e-02 5.458042871515358385e-01 -3.313126156420734825e-01 -2.097955279439050469e-01 6.224489942244557789e-02 -3.443483607329132518e-03 -2.346279771135578729e-01 8.268479139903167630e-02 -2.123461208024153002e-01 3.125745811966057497e-02 -9.647864153045544733e-02 -5.137524966626639822e-01
-2.867083328906118098e-02 3.599160907319534641e-01 3.935642551169718506e-02 -1.984042161302037866e-01 2.617105731973186078e-01 4.030542290520948145e-01 -1.729246991831819569e-01 -1.384480352179233709e-01 4.481767887405155304e-01 -1.525013961913102845e-01 -3.422787829987836705e-01 4.634804734869393122e-02 1.577470392887118933e-02 -1.285567453759472734e-01 -1.671636934149189346e-01 -4.007092324467382838e-01
-1.551422132636473272e-01 2.342026944474819850e-01 -3.965700579149954996e-01 -3.964500150825047559e-02 -1.539714253607164240e-01 1.629213991765612879e-01 1.068571523293665726e-01 -2.976939686267356389e-01 1.639977878268529445e-03 1.220818092127089333e-01 -7.093418238767273953e-02 4.060732361556984027e-01 -5.082249090758130805e-01 1.550019427348914292e-01 -3.699926006235534359e-01 -8.890021656902703795e-02
-3.659805610721138247e-02 2.274786233293004389e-01 -1.138186855099910105e-01 -4.085666143645714787e-01 3.394115953941480024e-01 5.367382855244393625e-01 -9.850695613271814866e-02 -4.864103357826907170e-02 4.010143491478935229e-01 2.411636168201091585e-02 -2.621050242261175334e-01 -5.455598394189825617e-02 -3.192770251618956556e-01 5.104293944916892672e-02 -9.737160415027804050e-02 -6.768280352238387199e-02
2.875504070191364225e-01 2.888035288067414830e-01 -3.136984491905134287e-01 -1.805935795189792248e-01 2.679569352485521028e-02 3.081368827324966753e-01 -2.106550651195800705e-01 -3.021364763351649385e-01 3.647405464502169736e-01 -5.168985621036353839e-02 -1.072559239053548358e-01 -7.399466089361328436e-02 -4.892473030937610212e-01 -1.128843388946035448e-01 -1.547018747782527848e-01 -2.069617224852210724e-01
6.779583022289005327e-04 2.436501283344850652e-02 -1.103620769821715558e-01 -4.379373337628358898e-01 -6.615792689469046639e-02 1.209137403732199467e-01 -1.171478311877686418e-01 1.158716932170047315e-01 2.915720701709471063e-01 2.410382319730347556e-01 -4.470275284405299532e-01 2.936204208751680977e-01 -2.541258539365712221e-01 -4.436979509802030930e-01 1.131704734775693527e-01 -2.141832885984559509e-01
5.921979447225392962e-02 2.058552213585448099e-01 -4.588039564014884109e-01 1.227072111075568212e-01 1.051664250192775318e-01 4.594479887654194794e-01 -3.850183179861178979e-03 -1.118449352998162755e-01 2.130344086316214580e-01 1.887048164739545675e-01 -1.961906953970102008e-01 4.020730435588989460e-01 -2.413959665588912840e-01 1.135698718291056619e-01 -8.076869622161809981e-02 -3.674800264420898244e-01
-5.901701037313816789e-02 5.014590606223418012e-01 -1.809276057215360445e-01 -2.552346069838694609e-01 1.517998185680611289e-01 7.418082036496537190e-02 -1.882638102989421525e-01 -1.660750315114481734e-01 4.304561780324351328e-01 -1.584421007848908214e-01 -4.128539492118299958e-01 2.474612916948024932e-01 -2.467418620502966897e-01 1.841403468045852698e-01 6.176013925367226237e-02 -1.221503954984942825e-01
1.103995409574146380e-01 1.787814581247203494e-01 -2.744796174160016866e-01 -2.460424017091219495e-01 7.813573178465679780e-02 3.403958886857118560e-01 -3.314987154645442913e-01 -2.907205106114715831e-01 5.018726261842672010e-01 -4.180063177850334294e-02 -1.784587380161392622e-01 1.168752519920975563e-01 -4.254532219784583069e-01 1.121838003498831088e-01 -9.357466111238781081e-02 -4.589338430830437743e-02
2.508000928044852862e-01 3.451950595404201794e-01 -1.523047857166408559e-01 -1.892158377768453359e-01 1.469299728733333144e-01 4.759011203082368358e-01 1.165931156023144455e-01 1.359138868702261804e-01 1.574181153844564363e-02 -7.324589545011360447e-02 -4.071544672042827218e-01 -1.367884787270054123e-02 -3.983213483857088177e-01 7.099276908477306081e-02 -1.242303442355769949e-01 3.579047159032546221e-01
2.237273155946274961e-01 3.286088210882984195e-01 -3.487810104684844204e-01 -1.161959064314628254e-01 -1.347582675489705506e-01 5.558711508504405874e-01 -2.389661970332784824e-02 9.211846936367257266e-02 4.105180466465702116e-01 9.676663624195286362e-02 -3.869702088415269414e-02 6.533945201476229134e-03 -3.361116135160567564e-02 8.972579350145053201e-02 -4.189798931321518372e-01 -8.030991072083983051e-02
3.578781829550318760e-01 3.518604225444470490e-01 -6.221775670011852125e-03 -1.900458387278751160e-01 1.431172435087399442e-01 3.800070508341801823e-01 -2.815851298233917333e-01 -2.288332414029902936e-02 3.705346841745031927e-01 -1.487257341848409291e-02 -2.112472907130715227e-01 3.176116129972861857e-01 -3.477259221826821678e-01 -2.145595650030747703e-01 -1.284274843340409700e-01 -2.823365335140310892e-02
-1.521145573090894598e-01 3.199900855610143258e-01 -2.781730066274978319e-01 -4.106825673120449993e-01 -6.119591098703448112e-02 2.714948433669092109e-01 -2.618232777727502736e-01 2.461460729276501724e-01 2.743180268203326277e-01 3.496152394190677470e-01 -2.551466132131250397e-01 7.324221951091518246e-02 -3.443321128667626851e-01 1.218402025477562656e-01 2.501483470485503860e-02 -1.408993012766528441e-01
-3.985846797430269706e-01 3.044858148634588951e-02 -1.048865657827859760e-01 -1.374253946870064857e-01 -6.185409312749914901e-02 4.085501039875428231e-01 -1.196686581722844755e-01 7.756519601832327637e-02 2.961735587227068423e-01 7.737861434519034687e-02 -4.400128844056331312e-01 -1.087127258895645154e-01 -4.876276795878967119e-01 1.234516098488252916e-01 3.543350110904316258e-02 -2.565687696367422443e-01
2.770457273264734233e-01 2.772144110203564882e-01 -2.801190252870550471e-02 -2.488414417388988553e-01 2.763228785892637290e-02 3.860731956410959897e-01 -4.522093740495144454e-01 -1.991367013845183331e-01 1.641829203484356792e-01 2.457930206975116050e-01 8.085122843273544191e-02 1.503338500494759422e-01 -4.864219082264705785e-01 1.691823316733126470e-02 1.867026758430763711e-01 -3.832087408612911555e-02
7.893262510480049399e-02 3.698305563066610624e-01 -2.583230243269482584e-01 -3.656273007307979661e-01 1.751101141464287969e-01 3.821211154981624669e-01 -1.883424592374918216e-01 -2.896233229379227558e-01 3.999467027039100842e-01 1.806705109345290716e-01 -2.112435593193635192e-02 7.746466574851325337e-02 -3.954373979176896148e-01 -3.766147994617406042e-02 -6.061547740566990833e-02 6.055743454429266502e-03
6.847683170295065791e-02 1.257307305363495886e-01 4.952242473269844684e-04 -1.445388655921300836e-01 2.017232523226855367e-01 4.621847142038798539e-01 -3.279201142867995689e-01 -1.935547153603059400e-01 4.267315203253937428e-01 -1.464803621717337967e-01 -3.511948295608265380e-01 1.412005801285478868e-01 -3.781432200789532905e-01 -6.524508352617010287e-02 -1.506412151019713430e-01 2.062408244215246378e-01
-4.860179070915431748e-02 1.457309617761992360e-01 -1.964587596936188396e-01 -3.477095781373424344e-01 1.997456039584291909e-01 2.417421356676767163e-01 -5.818787016302354176e-02 5.795036654120641617e-02 3.415114190331939303e-01 1.205369652660557150e-01 -3.360377918122707808e-01 1.386877343830694997e-01 -4.902286728225453416e-01 -2.416701218600642367e-02 -1.215126751570567570e-01 -4.391267438649329446e-01
-7.114034788279310906e-02 1.101424630928416748e-01 -1.681409342184756739e-01 -2.061617318558492395e-01 4.031634847632787899e-01 5.492722053719514275e-01 -2.597810589099489587e-01 9.318252303081681065e-02 3.918606952020827761e-01 1.590275247802095948e-01 -2.500254528288035072e-01 1.833854402641445225e-01 -1.678927980249469709e-01 4.735807275016178791e-02 -9.794166392336792204e-02 -2.379345918891496714e-01
4.039461004472408301e-01 2.016586622489663361e-01 -4.872480350415530626e-01 -1.861412181209042699e-02 2.571893570566152198e-01 2.438974887000937286e-01 -1.010725159677256652e-01 -1.649501370690582003e-01 1.977991812445834274e-01 2.500178026917265761e-01 1.450471924993162465e-01 1.180622359362151937e-02 -4.545143056854917818e-01 -1.837992602955995092e-01 -1.571951701650539379e-01 -8.637366900672231729e-02
4.612377284737289584e-01 2.025465200842103963e-01 -2.130987383954755787e-01 -2.804435863478273450e-01 2.731682076062307285e-01 3.429071125606779069e-01 -1.508279068043073545e-01 1.444586873662831172e-01 4.421316144845901519e-01 1.742079723863466656e-01 -2.399580532341926142e-01 1.992635082958485460e-01 -1.633858070559813802e-01 1.334449708865903805e-01 -7.559621404301099246e-02 -1.141034411699141105e-01
-1.125709831977862382e-02 2.141726784854774412e-01 -2.350639905675751540e-01 -1.362008770931080470e-01 2.911698810541814009e-01 5.456750484374980337e-01 -4.025252750947917457e-01 -6.959955098156506668e-03 -5.002458896405072991e-02 2.023652089020252787e-01 -3.167376118568033822e-03 -1.143822577960812159e-01 -4.031252816778293502e-01 -1.288648955133345486e-01 -2.363854588764912057e-01 -2.098563249537230280e-01
9.908489824160350568e-02 -7.069046768772510765e-03 -2.169699768130642359e-01 -1.973253408276277876e-01 2.272427913123610532e-01 3.472430920967962686e-01 -8.589001031858833901e-02 1.530075763978911429e-01 9.874427572106890538e-02 -1.792584883080888813e-02 -4.050185478380392556e-01 5.273587784850945759e-02 -3.835602747941715407e-01 7.707118225588541552e-03 -6.131392153054853189e-01 3.321205595788179199e-02
1.568898840050000354e-01 3.604151816194027247e-01 -7.446292606864646224e-02 -3.879394199561378986e-01 1.330241398582229506e-01 5.163792962146011023e-01 -9.158004356457924433e-02 9.645808727663454651e-02 9.514345411066794933e-02 2.606891463882157201e-01 -2.864208634071547244e-01 1.277035104598618354e-01 -1.007779865367951083e-01 -1.492874864750612374e-01 -2.219876085732464532e-01 -3.610166393452788891e-01
1.746462697837878331e-01 -3.451723618261513804e-02 -3.031107498245557141e-01 -2.791190148674756455e-01 -3.536789099470220160e-02 1.635035564844104783e-01 -1.286783093760078822e-01 2.915863679267312047e-01 4.885078340258255380e-01 -2.625531049561790065e-01 5.625592845111559992e-02 2.880499890299245691e-01 -3.298626734851954345e-01 1.737909285979758744e-01 3.365500013615252972e-01 -1.515537384729656878e-01
-4.473164290839545809e-02 2.353214629869087304e-01 -2.693440996818685096e-01 -4.155773136744013163e-01 -4.304428691333977292e-02 3.719668392035564985e-01 2.853773257474006564e-01 -2.865413707360747742e-01 2.629458312784405116e-01 3.504340053487443041e-01 -3.077392159488221424e-01 1.069809462246788107e-01 -2.590616068058988475e-01 -1.351748305606303435e-01 6.986429094238991166e-02 -7.249004030147980504e-02
5.658263592966049360e-02 6.382931523542777486e-01 -2.229072541975546662e-01 -1.990973887672390641e-01 1.601132635960855755e-01 2.478484049979612358e-01 -7.775839967317402235e-02 3.370797144580202631e-01 1.572278240358329915e-01 1.942793700956434444e-01 -2.012514227594622007e-01 4.060537295989683632e-02 -2.271752422267231120e-01 1.230693974382747191e-01 -1.466058173163171108e-01 -3.169459329499412781e-01
1.754323698709420454e-01 2.400734396235531531e-01 -1.238292847088448695e-01 -1.750115094639757840e-01 6.598214583885750328e-02 3.884520393948087125e-01 -2.473419932534737797e-01 1.512172388860602013e-01 1.640534419474683550e-02 -2.114679436003163993e-01 -1.721180622195873922e-01 2.745333715127969837e-03 -4.505328618604472202e-01 -2.076684625998834188e-01 -8.406428781705760356e-02 -5.463875148655255032e-01
-1.947988472829047246e-02 5.740953659807170734e-02 -3.108224964957287395e-01 -2.618823648944343385e-01 1.739409990223678981e-01 1.793973460702738554e-01 -2.958078848228837265e-01 4.026738269319679042e-01 3.173177531982937505e-01 7.718511679033542017e-02 -4.980761163186517987e-02 4.123810899110735284e-01 -3.987097095392178048e-01 1.896670713633728800e-01 -1.988289109168343005e-01 -7.335707731636446904e-02
-3.312698459614721921e-03 5.415932865562060605e-02 -4.341614177057745994e-01 -3.180247097494054431e-01 9.057690926526185127e-02 3.461580209536775365e-01 -1.389241867642327100e-01 -3.548173207165173926e-01 -1.695318785965926334e-01 -3.554564752228542290e-02 -1.039016837231841184e-01 -8.614872610718435353e-02 -4.155168395479503229e-01 3.114560155694386379e-01 -1.322788696667714647e-01 -3.143511111011748071e-01
-7.046656678280814601e-02 1.642453370272231039e-01 -2.442494590834798918e-01 -5.172742358586449596e-01 7.004145998738479928e-02 2.927746920273671116e-01 -1.313811715181676942e-01 -1.343286986595152444e-01 1.105420833013864984e-01 -2.819030676076426656e-01 7.253555334797541498e-02 1.444756543268438109e-01 -4.087210615905041977e-01 -1.749448007720572629e-01 1.839996744393849748e-01 -4.068924653572383310e-01
1.615167126502985162e-01 2.886704720665420054e-01 -3.591288199847699758e-01 -1.094177431025832037e-01 8.831986679872522172e-02 2.956056953061600989e-01 9.853885737888395946e-02 -1.980410518991923274e-01 5.819749755999920754e-02 -1.550474631001597381e-01 -3.330376195103129655e-01 -1.194338224214869515e-01 -4.448541823204458789e-01 1.980327098835130417e-01 -6.664690943297657544e-02 -4.597428638820124647e-01
9.046561446208259416e-02 3.403395822688976002e-01 3.121612383346696398e-02 -2.627631742589450758e-01 2.254234248128005325e-01 3.756167444793913068e-01 -3.308370541744402593e-01 3.052168944494281291e-02 2.163349728532720506e-01 1.625688965852513657e-01 -6.034028648039169163e-02 1.935568950742508343e-01 -4.569148466563573430e-01 -3.170452187357998275e-01 2.470419105855927722e-01 -1.379288883971640511e-01
1.043666999052507253e-02 1.748701088541293747e-01 -5.595017260851227470e-02 -2.137011602707165336e-01 -1.028672753541184648e-01 3.240298644383077797e-01 -3.685071492086540446e-02 -1.981034625083504530e-01 2.955811095580406778e-01 -2.390209552933342807e-01 -3.338060265975699159e-01 2.180232695221342165e-01 -4.941714739477876539e-01 8.489967734134724886e-02 8.876313586240394682e-02 -4.489775192488105748e-01
-4.542759875270314940e-02 4.194601190101376886e-01 -3.129022880524849892e-01 -1.924153899815641278e-01 -4.591446881331859298e-02 3.503680613491002016e-01 -2.030100189092490515e-01 -1.460537771571829568e-01 5.313336396495681457e-01 1.401919403089407767e-01 -1.677864193034046547e-01 7.425114757118829456e-03 -3.246424946773368014e-01 -9.655565363985460503e-02 1.743344197108333271e-01 1.560847914540772208e-01
-1.945147100771585091e-01 3.864247827588375150e-01 -4.923930456046616833e-01 -3.460268265366284735e-01 2.082415862971688791e-01 3.533793354602328129e-01 -1.913935572210787861e-01 2.887701433236893322e-01 1.248506822839120789e-01 1.012022298094192863e-01 -1.262548944109749827e-01 1.919870158462080034e-01 -1.859877331246226340e-01 -7.771771081889314314e-02 2.000440739746755792e-01 -5.581423289963417800e-02
-4.975475829478410257e-04 4.083033103744546644e-01 -8.385999108522856904e-02 2.230462334889635884e-02 8.816435082592491423e-02 4.174540460220985683e-01 8.882975847844751249e-02 2.385936359319750129e-03 4.573268879114913976e-01 -1.673970189901548000e-01 -2.350101287366575531e-01 2.036530867352926433e-01 -1.432786601332531884e-01 -1.573536336202182029e-01 8.220290964230787811e-02 -4.999006594711852824e-01
2.299873417391567476e-01 1.599463077851142612e-01 -2.688968690665386463e-01 -3.508250691181470926e-01 -1.453990151564622801e-01 2.659065474275437158e-01 7.923786451104901374e-02 -3.010024729781296537e-01 -1.423960097518235934e-01 1.835661399943364913e-01 -2.369472412175623321e-01 -3.809570811259445442e-03 -3.879982339491887533e-01 -6.525321651679250046e-02 -2.973660049919410117e-02 -5.211472113969642939e-01
7.051726681051045942e-02 1.602817680621158036e-01 -2.673946376765846678e-01 -1.039977587972788636e-01 1.468045080465114338e-01 1.552892451192176282e-01 -4.125726237585842365e-02 9.865987982121805777e-02 1.711017661860555761e-01 -8.015872174697646901e-02 -5.582317656343546153e-01 3.097752989596342377e-01 -4.794592464549545241e-01 2.299536276099267695e-01 -1.469472807217186705e-01 -2.868473091234156058e-01
-2.386637463722073305e-01 7.129614893437022372e-02 -1.200819203754250990e-02 9.841817614901440803e-02 -1.973505112103084713e-01 2.496295572450988320e-01 3.620303691191045781e-02 6.811392171603727896e-02 3.313259867628222388e-02 2.914059636517317697e-01 1.019829744439191693e-01 1.800952960762954858e-01 -4.812568534487239313e-01 4.387593744644297522e-01 3.442231573721281079e-01 3.865957289838670152e-01
-2.222967839254540723e-01 3.638859016961746295e-01 1.962049149999161024e-01 -1.222522573909930604e-01 -1.087247282742279525e-01 3.331487920190875918e-01 3.774453291365298391e-01 9.153987829469686921e-02 -2.012596477726123767e-01 3.928200509471085899e-01 -7.549643990180851527e-02 8.146182161000709021e-02 -1.740551876661504682e-01 2.333035236599645124e-01 -1.075009579376177415e-01 4.331795468392958814e-01
-2.742559835119102313e-02 -1.926861268646062886e-01 -3.842243000059145097e-01 -4.850097931732633844e-02 -1.453120149800473382e-01 1.576956043545101743e-02 1.110426848365752006e-01 4.318230304756675575e-01 5.614070082237708481e-02 4.134545572047546025e-01 -2.812097204847953114e-01 2.718512074436419401e-01 -1.638622615582236985e-01 4.729936553940584099e-01 7.302644494882035153e-02 9.480628463686303908e-02
5.103302721554735244e-02 -1.556619549669520097e-01 -3.026522785034998497e-01 -2.881910865877312378e-01 1.031528518873026934e-01 4.629792540402017376e-01 1.300324187112397445e-01 -2.573866028830694083e-02 -1.787167601096467662e-01 3.567033015302823462e-01 -3.432046924178442926e-01 2.611271934710809317e-01 1.082623762452946878e-02 3.651853939903626500e-01 1.976761053535682489e-01 1.955608677535252415e-01
-3.213716971045204041e-01 7.742972987003940433e-02 1.610043403373301318e-01 -1.738979273499366152e-01 -2.536950083349191476e-01 7.998421324069826532e-02 -1.425736158584774704e-01 -5.857289167697427718e-02 -2.915425902166801087e-01 2.120222559365842752e-01 -2.189226654218853763e-01 2.117808571082895885e-01 -2.948121866960345394e-01 3.340707825379658491e-01 2.433104512588493695e-01 5.095086443140621757e-01
-4.011781078799132039e-01 -8.341596636412550864e-03 -2.898630347279886887e-01 -2.900780661619088430e-01 1.467412679991965396e-01 -1.590626373865794696e-01 -5.150416047412825771e-02 2.908467875272801040e-01 -2.183521265673374068e-01 1.646242379832815739e-01 9.197833212639869305e-02 6.473445432765437269e-02 3.200159017182465093e-01 1.199870612458645708e-01 1.901857535659695619e-01 5.443667681827220051e-01
-3.563078192079213724e-01 -2.249852819211128896e-01 2.988466898052491785e-02 -3.391827222885853144e-01 4.603391506818160089e-02 -1.297113013651614855e-01 2.538806968021475319e-01 3.828714029356894422e-01 -7.013259652982881120e-02 3.365888821028940603e-01 4.846924866135064562e-03 -6.895059729016668471e-02 1.053169128984515063e-01 5.037196007105628759e-01 1.149517560551509832e-01 2.747197794420960792e-01
-1.734442550623403190e-01 -3.537356592224807916e-02 -8.484081672903344418e-02 -4.665388398700148209e-01 -3.464839002851928806e-01 1.045377146138234958e-01 1.949659872348413481e-01 1.866669073041938021e-01 -1.406650682194684754e-01 6.560245137295427076e-02 -6.629647377656562590e-02 3.567983422397085769e-01 -9.390726443466412832e-02 5.078075446914150914e-01 1.791362275566810436e-01 2.922436710160066231e-01
-3.389853802495776947e-01 -2.961634229589986123e-01 -2.589022978864706850e-02 -2.746245325944047244e-01 -2.152427132009901434e-01 1.488600797587820157e-01 1.670348351840169332e-01 2.934640816828558152e-01 -4.147542940082659668e-01 1.999893378461963661e-02 -1.107416812990334037e-02 -6.614219765570049370e-02 5.128589111170197418e-03 3.692999712016790115e-01 3.140023019537466764e-01 3.561627754171263205e-01
-8.485116962115021866e-02 -1.182027422705336506e-01 -4.152022186841034523e-01 -2.679734747590700183e-01 -8.619799641792991185e-02 1.360486552439753860e-01 9.670397278263064000e-02 1.886481702236917843e-02 -3.303358832592240835e-01 5.048199613793006302e-01 -3.950258052545881360e-01 -2.354602801578143875e-02 -9.866313355070246982e-02 1.464324886201182618e-01 -3.862289699196866377e-02 3.817662204281865312e-01
-7.422210560032219129e-02 -2.479755834608825538e-01 -7.339152136077337074e-02 9.150699416016271981e-04 -1.959588552590247057e-01 4.452582259851202706e-01 3.805608338786535261e-01 -1.808937236104926904e-01 -3.070510409927740825e-01 8.216241188792415551e-02 2.371074860693755393e-01 3.284735431632725411e-01 -3.333114219597528849e-01 2.952205060022240479e-01 -5.388187660670609377e-03 2.235658114543558062e-01
-6.669307869604668149e-02 -7.949883508654671804e-02 -1.826525347844714930e-01 6.816584557356608620e-02 -4.877646664641058227e-01 -9.475717530386235099e-02 3.506021846003266607e-01 -1.018336982912175087e-01 6.203891772809049659e-02 1.536323404802646675e-01 -2.427924760241431668e-01 -2.953131604008124023e-01 1.442528789463070893e-01 3.590346666409620635e-01 2.727641213964739353e-01 4.163091736939453225e-01
-2.390685847274750531e-01 -1.324671496681124327e-01 -1.071672701690269819e-01 -3.933608750827517486e-01 -1.159204992733301187e-01 1.818461002177985120e-01 1.523835707606017997e-01 4.975173025714056396e-01 -4.995117451881175841e-01 -2.299012832632108538e-01 1.176689039525548146e-02 1.840348850006485182e-01 -7.303183223373779787e-02 1.425925681835695513e-01 1.098387426220743118e-01 2.602432674765149390e-01
-7.797829942081978272e-02 -1.019897084712127894e-01 2.018068701232059170e-01 -4.061989737543875156e-01 -1.856381511984585841e-01 1.788617530644860953e-01 -9.359128807273878192e-02 1.577030966998431080e-02 -4.760811320233293564e-01 2.188395645105498111e-01 5.067430834627684177e-02 -2.783415473566601128e-01 -8.178672153764689201e-02 5.398679657349617633e-01 -1.038355733663260810e-01 1.970242802281386985e-01
-2.889338567139064784e-01 -3.159408967274650037e-01 -6.321989552132060985e-02 -8.403381687430794278e-02 -1.868481753853733496e-01 7.736016766880671192e-02 1.159305313401186310e-01 3.956473708063474870e-01 -1.299640989835016414e-01 5.072138657468283629e-01 -2.264210918103115311e-01 -3.348384266070936199e-02 -1.632795626548551593e-01 4.882118255529850348e-01 -5.660194812190116193e-02 2.745624491050127538e-03
-3.499655110054137319e-01 5.668098523376471909e-02 -4.263272934576699258e-03 1.193219036624368484e-01 -1.205660861430170837e-02 3.531799686260869708e-01 -7.450794517432547670e-02 1.180073042327497296e-01 -1.059821048470017540e-01 2.646048188537343804e-01 1.092795259857718831e-01 1.159266870629178103e-01 -1.610029517044497815e-01 4.189247703579866977e-01 2.781953025221273190e-01 5.746785507826365214e-01
-3.480983455583483432e-01 -4.299410353580929156e-02 -6.448130678826273499e-02 -3.271502222923622361e-01 -1.417840548915043075e-01 2.036323237826619115e-01 1.486608394780734865e-01 -2.862145655490707513e-02 -2.067320884127740177e-01 1.464869875374544272e-01 -3.721332379035702242e-01 -1.228298973001024780e-01 -2.128436970974466047e-01 5.004469963170072866e-01 -2.946870111907436834e-02 4.085595468793390972e-01
-1.909302295102198732e-01 1.025126064503472240e-01 -2.875750612108481374e-01 -2.876076715063091149e-01 -9.987233718889715339e-02 1.836718724586433871e-01 2.645273549033548555e-02 2.474519251492595939e-01 3.908545354758464346e-02 -1.114026043782408576e-01 -2.267769036258791004e-01 2.485559948789226037e-01 -1.825090414646720338e-01 3.091727490515108201e-01 4.100629120862707699e-01 5.077225532753412152e-01
-3.315785146887690882e-01 -2.285766787144194734e-01 -2.878213140482518417e-01 -1.646990346383414294e-01 -4.788083295412703944e-01 2.458644801482761863e-02 6.976772862384726659e-02 -9.749455663188881516e-02 -2.951624196456734128e-01 3.175661003942036875e-01 1.791779685336035988e-01 1.227954668309008263e-01 -1.625662732555088752e-01 4.144505519270438865e-01 5.480011092346252083e-03 2.241143423166795656e-01
-5.725089402009904127e-01 2.044685436154836944e-01 -1.042480667302442543e-01 -2.144922268020018064e-01 -2.149913780345673875e-01 -2.201179276270970597e-01 7.665390146757108947e-02 -1.159123158153050649e-02 1.106035734951180474e-02 1.574196222357092667e-01 -1.850304014642386030e-01 2.745043517043908587e-01 -7.320158165980510112e-02 4.701334174134240707e-01 2.860915691058430466e-01 1.736195154769106241e-01
-7.659276356680114195e-02 -7.957794368299360432e-02 -8.169361671821508131e-02 -4.328862754968594295e-01 4.203912275055243786e-02 -4.647112996627783543e-02 -8.264222777986253432e-02 1.154800122735247098e-01 -5.504887650251911735e-01 2.288468942529573169e-01 8.291193999046521379e-02 2.014809745072181635e-01 -3.636920640465591270e-01 4.350899114088422892e-01 1.888695424517788934e-01 9.756891552928129152e-02
-3.869359149030742739e-01 -3.530467489850695473e-01 -1.671669650986780387e-01 -2.651401072975549927e-03 -1.254696816820490002e-01 -1.716682057331337663e-01 3.383600593875077944e-01 4.048270336855652740e-02 -1.424891775397536253e-01 1.332572054838491726e-01 -1.334553546165044291e-01 1.479572717247168434e-01 -3.016106415393826068e-01 5.530989733693872923e-01 2.717400627910905586e-02 2.468998971016093669e-01
-1.501349969485057667e-01 -1.525466266005534588e-02 -3.644065841504019465e-01 -3.254294631722726150e-01 -3.388137318224991867e-01 -2.106863071031574164e-02 4.486311282429865099e-01 -1.531106670636425415e-01 -2.153755851921374809e-01 2.127008130394683616e-01 -2.159750593020250409e-01 1.756623797912938711e-01 1.475061642673680395e-01 5.584069560462340265e-03 3.220575738292998369e-01 3.223938252314932917e-01
-2.129393052253698848e-01 3.007939882444641763e-02 -2.772404874932465346e-01 -7.310458527984031729e-02 -4.852383883867785186e-01 2.425512387108522960e-01 1.190948450591392677e-01 -2.880675487870147378e-01 -6.002392060252437905e-02 1.435276341490026586e-01 -2.743957231807845343e-01 2.184516378842946138e-01 -1.491925846440016711e-02 3.687325961281870401e-01 -3.761689000001248312e-02 4.418971555428951037e-01
-4.289107685643181456e-02 -2.630661454819990808e-01 9.985202456631195409e-04 -3.657678784341615308e-01 -2.940159506641963905e-01 3.389573092413280531e-01 1.573684861573935445e-01 -5.845781183920016784e-03 -2.588045909740994688e-01 1.000862931659561583e-01 -1.880802674184642587e-01 2.428427655918526801e-02 6.530942213396879678e-03 5.547109515451875694e-01 1.855578460193233747e-01 3.374809145794003262e-01
-2.482332395966404814e-01 -5.795799503637164875e-03 -2.605021765171138259e-01 -1.652551790927440645e-01 -2.363595930636589737e-01 3.169958864213060501e-01 -3.178261376223201484e-01 6.008712740646736383e-02 -2.252849513743145904e-01 3.718819888359897741e-01 1.934783790103346279e-01 2.096223289362817918e-02 6.872564635179197190e-02 5.783750227271063915e-01 6.440380820936883466e-02 1.090334362551118319e-01
-4.140264240661137296e-01 -8.479840899462222359e-02 3.546248984671622473e-02 -5.483148390786973803e-01 -1.733737118132607224e-01 -2.629038463160393579e-01 -1.546084751900697607e-01 -6.014536411817160248e-03 -2.212544306852705922e-01 6.040278366495179657e-02 -2.389869107529308256e-01 3.600968794206306778e-01 -1.902830877737976267e-01 1.515165020428561604e-01 3.087579213849652726e-01 -4.984861190060039388e-02
-1.248030238703916883e-01 -4.395237989712291043e-02 -1.297146579032388003e-01 -3.308526716016755298e-01 -3.610240431069396405e-01 3.255147837213051565e-01 5.355372864765284985e-02 3.739034477112892496e-01 6.653814770913479837e-02 4.150290147774359228e-01 5.241355649465784597e-03 -2.829973733158543392e-01 -3.586226386181372294e-02 2.706388226411533537e-01 -3.015888432618039211e-02 3.807893914676556690e-01
-5.827674018254659360e-01 -1.735839883099367376e-01 -1.390696781530170456e-01 -2.724360961062858855e-01 -2.468525411296237648e-01 1.199559987825972590e-01 3.267417754664478369e-01 1.022039723348934087e-01 1.132454875871367200e-01 -1.599431363069095391e-02 2.830048646189666783e-01 -8.432052636338742413e-02 -9.573339186063657691e-02 1.281938527656675264e-01 2.261796606055674341e-01 4.088026979600943300e-01
-1.776820734090455919e-02 1.592740324646349237e-01 3.125661610231927900e-01 -2.041580591790779498e-01 1.911030289589721667e-02 2.668474013043750648e-01 3.049570390854045576e-01 2.131026772495870636e-01 -3.565776211393587025e-01 2.507564261184255794e-01 3.537122534089204851e-01 -1.364974065114751313e-02 1.835205464194281100e-02 4.568112651544270486e-01 -3.730902723151183903e-02 3.149973286940234707e-01
-1.388948335239227790e-02 1.275145975487745054e-01 -3.061940799248386580e-01 -2.856440523683644317e-01 -1.691617512695603731e-01 3.521370090046625489e-01 7.964650119832128450e-02 1.450811291303999440e-01 -1.600490242545160036e-01 1.400354939395560827e-01 1.520109267359404104e-01 -2.127511193598604355e-01 -4.720446272367274931e-02 3.693736641119538255e-01 3.941979024030752843e-01 4.696151172825478448e-01
-1.620200300957491679e-01 -9.993928008326083412e-02 -8.786206538947802236e-02 -3.148882449508895731e-01 -2.235187046669530608e-01 1.968825184105111870e-01 2.085766205099996717e-01 7.001221088282881533e-02 -1.305553625060028589e-01 3.550260419160248260e-01 -2.878691135261213230e-01 1.379101499098075723e-01 -2.270239387466374825e-01 2.291260639584243031e-01 2.714519046588937390e-01 5.450295950988095495e-01
-2.722209085401136042e-01 -3.618361023835232060e-01 -3.592725012357115832e-01 -8.263345385818693378e-02 -2.665972966537168976e-01 5.679631713887006023e-02 6.832235672146488858e-02 1.747261878076081243e-02 -1.352149934930844954e-01 2.166291243974919067e-01 -4.292038773193863899e-02 7.668775725766820150e-02 -1.756683419464334650e-02 5.299345835818402017e-01 1.937220084177002366e-01 4.338090595898821400e-01
-5.875082422273802951e-01 -4.144555256789371304e-03 -6.143152989814126830e-02 -7.568730745719098874e-02 -1.510177596858114065e-03 2.298389370932138465e-01 4.164579050984344721e-02 9.921016015385293596e-02 1.316077534103428925e-01 4.188533484721855271e-01 -3.222301542542940211e-01 -4.758213698251669010e-03 1.018182974566824578e-01 5.088320173589501172e-01 -1.218871929288528888e-01 -1.273281729864777188e-02
-6.200445634309250525e-02 -3.967077117708462386e-01 3.422626424537957707e-02 -6.781682665465013637e-02 2.426921903642128009e-01 2.691204039586929664e-01 1.810125932949386285e-01 2.316085653960920365e-01 -2.612491812085684928e-01 2.973469575723886038e-01 -3.300845955090601080e-01 1.559111332915458781e-01 -3.471111020556935656e-01 4.232491544497876679e-01 1.534661704599258603e-01 4.654248770553955084e-02
-2.910552887713701575e-01 -1.680887330198858054e-01 -1.358229803628229759e-01 -4.260718123961726445e-01 -6.090587790406779001e-02 1.422704279689510354e-01 2.143529484237713945e-01 1.235951828505770095e-01 -2.813799379020411884e-01 2.338000256197454163e-01 -4.572313836735541481e-01 -1.959902818601412522e-02 4.509558111177043582e-02 4.801271421852296162e-01 -2.696941487982892557e-02 1.590903958260074247e-01
-4.655289147038509101e-02 -2.149461410552328533e-01 -8.798680365601863063e-02 2.594283487005114575e-01 -2.458322906075232350e-01 1.487061584073794962e-01 -1.451644110682032418e-01 1.591079143986767752e-02 -6.722691751948288441e-02 1.630978068996768726e-01 3.409224573771321015e-02 1.406240844117311872e-01 -3.830109300444976550e-01 7.460968701328750674e-01 1.151480750252000806e-01 -6.354985528798409722e-02
-4.859620262750170006e-01 1.212766016180195222e-01 -2.456318131895799950e-01 -4.281623167862742552e-01 2.506268233597954212e-03 6.896814216744262538e-02 -9.012792002356663501e-02 1.812739110767808692e-01 8.081356349210801204e-02 -5.358578398174280305e-02 1.799351835483317952e-01 4.279326921205768575e-02 -3.017991027716057095e-01 4.446872273840113965e-01 3.167603842773361600e-01 1.641706636257806995e-01
-1.857145079029052237e-01 -1.012429270614365190e-01 -3.091007161072878984e-01 -2.966785466706083341e-01 -3.129829207887353526e-01 3.452955867357008213e-01 1.754626330961099323e-01 1.296034905135367565e-01 -4.387394737518334753e-01 4.270659518664992604e-01 -2.014987683629792525e-01 3.958747457830122385e-02 -2.067696628428538907e-01 -6.969455255956369388e-02 1.476009017739772222e-01 1.431202362728740407e-01
-3.488255868431902607e-01 -2.534061246062362938e-01 -4.768712075137577222e-01 -8.164254051830339975e-02 -2.773551001403094518e-01 1.631244757023080361e-01 -2.558554557464971096e-02 1.307402334428657276e-01 -1.540637842426325899e-01 -6.503255143765714931e-03 -1.665385779045960579e-01 -1.029267847319331325e-01 -2.639987802274134168e-03 5.364822211208225555e-01 2.079695340880564902e-01 2.560720307962270348e-01
-3.730114160495550529e-02 -1.047417935917002996e-01 1.374182032467530512e-01 1.952690962491763702e-02 -4.161509554352451068e-01 -3.952521050694889765e-02 2.192139427616827119e-01 2.293186481094512674e-01 -2.489400135415418269e-01 1.366962710647639800e-01 1.204852678529368254e-01 4.783138945631621453e-01 -2.669324256008181462e-01 3.460331821763225069e-01 2.179852714288388893e-01 3.612751302663655961e-01
-3.358093165442187500e-01 -1.120508944190876516e-01 2.318201808899049421e-01 -1.502921074399381218e-02 -2.926875820093772368e-02 1.535542057115344694e-01 3.955039752850721402e-01 1.947648223023908109e-01 9.020608764134474544e-02 3.117672267255757745e-01 -1.553193663416523873e-01 1.568516355676304042e-01 -1.141129583452834828e-01 6.442612774791282026e-01 1.045864151105126566e-01 9.392965224955852899e-02
2.000109966902610670e-01 -8.624698537969881229e-02 -4.909433964500664604e-02 -4.893219026932662530e-01 -8.467158201131076700e-02 2.200558482700451790e-01 1.287586384377364668e-01 1.610588555172180747e-01 -2.179939840066182910e-01 6.084832396690359468e-03 -2.054814250900824091e-01 -4.233942203362967560e-01 -3.170792301560518833e-01 1.114748058496094624e-01 2.420794601488895081e-01 4.147122681127189403e-01
-3.330411277927335378e-01 -2.793692165364116131e-01 -1.193935620136021836e-01 -4.880900266700493595e-01 -3.641723822997319227e-01 -1.044967265836913017e-01 2.436013076557849710e-01 1.714123350206927521e-01 -2.265042773709765311e-01 1.080355368176896258e-01 3.458388715330110719e-01 8.237440352080313555e-02 -7.419734602323486972e-02 2.747757467922419261e-01 1.176454996554222310e-01 2.051134383874384792e-01
-2.825485664389819629e-01 -2.792709277285736896e-02 -3.793840935391281088e-01 -1.234556039993146975e-01 -4.364453643236593794e-01 2.336746915148553705e-01 2.370112253194361918e-01 1.738182184140205644e-01 -1.973537203855911248e-01 2.255743419753819812e-01 1.022972054823265975e-01 -9.132177299312614627e-02 -1.603387282184763618e-01 4.755400776395761198e-01 -1.745843902478596832e-01 1.943554869892283044e-01
-1.098561336479824367e-02 9.498806240992795080e-02 -7.251034381753311553e-02 -2.212170428631219377e-01 -1.206741100027658997e-01 -5.063887688741467580e-02 3.163789718451185395e-01 -7.418341295139117830e-02 -7.275445135777386385e-02 3.722169558054261862e-01 -1.414962405500205245e-01 -1.289526461339368935e-01 2.407484135378270065e-02 6.095340956173614932e-01 3.921825100313646173e-01 3.279166185598826333e-01
-5.375529064606163893e-02 -5.801043755514709299e-02 -5.134521813877366420e-02 7.864566755875813941e-02 -1.777954601603016493e-01 1.428793891323675569e-01 3.396659555074503234e-01 1.334016565168954227e-01 -3.155708618083448713e-01 -8.807423634660679901e-02 -2.397534942932711688e-01 -1.558056404422289258e-02 -1.959306725294965024e-01 4.864243564337846215e-01 1.313758015440499027e-01 5.851541339617715165e-01
-4.226360921264490367e-01 -1.171574204461302005e-01 1.032320682476491232e-02 -5.885276459971154894e-01 -1.692573897690891060e-01 7.658807545927370786e-02 -6.142375886527138423e-02 -3.063098666432724840e-02 1.005532162640399158e-01 1.550697636673693813e-01 6.008473370794561140e-03 6.290942483973925581e-02 -2.322132758987370260e-01 4.802252078721429007e-01 -5.275302328069524094e-02 3.106173938106801535e-01
-2.621905124921530272e-01 -1.660375470448983148e-01 -2.029258922441928570e-01 -4.887437476519427837e-01 -6.759881894953666259e-02 -2.181223733390521557e-01 -5.686625123783412006e-02 -9.356798099014407288e-03 -6.366355775917428850e-02 3.070000704244042478e-01 -1.770113132226155961e-01 7.209984275724832734e-03 4.967173407861454754e-02 6.111809485026132860e-01 1.490667497882113002e-01 2.006305053150105322e-01
-1.334154935328265845e-01 -1.112949476337926763e-01 1.682964912097466015e-01 3.239714004936255498e-01 -1.106131204412218183e-01 4.196754942700777619e-02 4.239311430299436689e-01 -1.788196148277518549e-01 1.526498653828304783e-02 2.871695711908595627e-01 -1.741115569694775822e-01 -2.408820804575030061e-01 -1.202222963440510856e-01 2.148155479052490657e-01 3.708306603140383295e-01 4.916188207869548465e-01
-3.217071238482543949e-01 4.200886485269649667e-02 7.639806201262329399e-02 -2.914986750109617719e-01 -1.656989513131049696e-01 -1.644083331637668510e-01 2.778329968545224515e-01 2.825934906539013802e-01 -4.376983696369153853e-01 3.526948207738422325e-01 -4.443173816032988666e-01 -1.171446300543356051e-01 -1.303477493799077291e-01 -9.111088397168415343e-02 9.255451583803933624e-02 1.772647062112491234e-01
-4.748451815930203601e-01 -6.631230313173255841e-02 1.219993126596755073e-02 -3.130253623677601293e-01 2.183544437610372424e-01 6.686010045345093522e-02 1.914028123033069129e-01 -1.129977672771770025e-01 -1.273955685025536799e-01 3.739205206345060373e-01 -8.259719252715144733e-02 -1.990705050691589026e-02 6.182877062403743795e-02 4.513485033719034090e-01 2.762440897872913137e-01 3.511761794862350294e-01
