-2.961698483672292603e-02 5.442749570953785317e-03 8.789725612370688501e-02 2.296742535118960482e-01 -6.658170071506734899e-01 5.268071876255156147e-03 2.709824040758667674e-01 2.643969344177555802e-01 -4.101224243554404264e-02 6.483600952489750047e-02 -8.190290479128564671e-02 2.384142827374359230e-01 1.888939467811539819e-01 1.814294372834255459e-02 -2.410825344132518644e-01 4.340204285069774737e-01
-2.466789846652530649e-01 -1.048621979989083491e-01 -3.076951781596871244e-02 2.574101991654364693e-02 -3.141384502392701172e-01 -3.331664314061871801e-01 5.224854304556254547e-01 -6.149435024927076693e-02 -3.007350963746258099e-01 1.517125187121496355e-01 -4.893668316272980351e-03 1.516338016056607840e-01 2.611899769221083800e-01 3.796289219784018676e-01 -2.930384535386559852e-01 7.350996893582412151e-02
-7.399656455459799331e-02 -2.137000302528778706e-01 5.875764800317343980e-03 1.281709332116615363e-01 -4.809931983688958690e-01 -3.170501473905769640e-01 1.826546478454845746e-01 -1.063188223719518793e-01 8.636400921038443756e-02 2.719892057122689777e-01 -6.847124024068639014e-02 4.710427678734718238e-01 -1.069960437502523593e-01 1.284671465188980954e-01 -2.958720537531996375e-01 3.638050635190835380e-01
-1.447650293389517451e-01 -1.232316916450330035e-01 4.512252123924946345e-01 -3.202050601672312702e-01 -2.879428660783363569e-01 -9.307980250079851692e-02 2.233868665623962579e-01 -8.207842359432031276e-02 -2.126812698141787861e-01 2.570334705153929367e-01 -1.069058394865982503e-01 2.325984726353168969e-02 3.673288861973706410e-01 1.631573220894879384e-01 -2.993554188531195037e-01 3.675243724965713832e-01
1.402605433401631629e-01 -8.694969425685805664e-02 1.484228323977554165e-01 -7.753504112018567984e-02 -3.935497964844683061e-01 -2.740160599684090537e-01 3.410602299649865832e-01 2.465352771190550407e-01 -1.758831681013517945e-01 2.373618232318959742e-01 -3.873558648378540026e-01 1.848937262576980101e-01 1.109258184269977243e-01 9.987815127565588535e-02 -4.463443176650473965e-01 2.113019922283475849e-01
8.783555652882196751e-02 -7.337131009202314813e-02 2.953186374492868249e-01 -1.876219871028411146e-01 -1.760183819185918430e-01 -8.012879035978739961e-02 1.899999019817190660e-01 2.644513395166062097e-01 -1.087411750438716795e-01 3.037677966476957092e-01 -1.188592455786443430e-01 5.148471257024869185e-01 3.284157167554119794e-01 2.147120438018954580e-01 -2.374427812032026408e-01 3.569552787220738321e-01
9.178381966295726113e-02 8.757342711789173340e-02 4.258063670007995460e-01 -1.782237597760283621e-01 -4.103014291442756423e-01 -6.099339580919080047e-04 3.769283368490002895e-01 -7.409530065184933081e-03 -2.681728799288763399e-01 3.497372758501650081e-01 5.387840796826529055e-02 3.079081968610827280e-01 9.163033764691320970e-02 2.758334296191814472e-01 -2.525616260154913140e-01 1.419280689459876676e-01
-3.302604531075343797e-01 2.551851429292261719e-01 1.968375212808364805e-01 2.273868949294551856e-01 4.849773657752275841e-02 -3.405050591403016580e-01 3.466578460013813312e-01 3.017145307037351620e-01 -1.047557330212478960e-01 1.778358173242208518e-01 -2.115975554509267609e-01 2.609108714713635480e-01 1.037881664677472587e-01 -1.561533790302327140e-01 -1.416966943217762287e-01 4.417901717720932875e-01
-1.160237894385598018e-01 2.935865207862046189e-01 5.706036733616160622e-02 -5.134837951698520420e-02 -2.555348649000252492e-01 -1.904700700006396186e-01 3.302054123708427213e-01 1.950564988892714291e-01 -3.871732151167901065e-02 1.782360666278934858e-01 -4.443236796834781899e-01 -1.242435897007567736e-01 2.539436027617496539e-01 1.750880535917224423e-01 -1.569008231876409809e-01 5.290606298730009538e-01
8.149619063264157415e-02 -8.788739287841135228e-02 3.905795761607863681e-01 -1.555021933086263575e-01 -6.126915097403641264e-01 -1.227980948153838264e-01 2.302076958043526300e-01 1.412861703994403584e-01 -1.410728184648887273e-01 1.353347754147551651e-01 3.152045149638550009e-02 2.517375065211030494e-01 -6.163008060206660865e-02 -1.320023418454243161e-02 -3.904563771213327983e-01 2.940445004507287741e-01
-1.033273589800624143e-01 -2.276391248280449364e-01 1.912278246233108103e-01 -4.555646375212565324e-01 -1.897060110903432129e-01 -3.014249572192711710e-03 3.252108535024598734e-01 3.321854156733762553e-02 -4.344498737666963734e-02 1.436637823858222252e-01 1.372628920593619850e-01 -3.149435115547484787e-01 1.420767704007513677e-01 -2.051856206007568115e-02 -7.972244566792441312e-02 6.188811550333758182e-01
2.516316492686601070e-01 1.412138989882125717e-01 4.258609163923430807e-01 6.568015442195437132e-04 -4.274371790358983403e-01 1.915256382638741081e-02 3.762859841414092354e-01 6.876097559609813115e-02 -2.261042754105192509e-01 2.277082600967777204e-01 1.115016326854713635e-01 1.537927341345138310e-01 2.078226268900761065e-01 3.414030220210729771e-01 -1.415695138164484723e-01 2.952057092883677014e-01
1.507851037415646744e-01 -9.271430454205392691e-03 1.778231176442781059e-01 2.061409829602292229e-02 -3.864964142906777145e-01 -3.828838253404409087e-01 1.204812642889055291e-01 -9.687072275510710817e-02 6.473995440108848420e-02 4.492074446147152345e-01 -9.506122471513375749e-02 6.075273844398963730e-02 -1.079808053705663962e-01 5.303510572505265586e-02 -3.029404373711968579e-01 5.479973630253536232e-01
-8.770657751674848512e-02 -7.219390534104530577e-02 3.292162725746989455e-02 -3.347448876064467171e-01 -2.203280025526495045e-01 -1.494407295356110776e-01 6.122046920670074499e-01 2.274657254284005725e-01 -3.704234419954225560e-02 1.196675221429765457e-01 -2.108132020443461985e-01 2.119036841213095823e-01 2.168783920654366593e-01 -1.052535400334503601e-01 -3.146388504871165948e-01 3.382239522788748065e-01
1.239122231420834858e-01 4.433547135692654517e-03 4.493415548686986449e-01 -2.369667338362157205e-01 -3.970919156349566603e-01 -1.147296459232318433e-01 3.465663848906956335e-01 1.788478416815023411e-02 -1.693577961240786411e-01 1.830381673438032097e-01 1.217615251067649951e-01 2.435357545704626425e-01 1.293223760838052017e-01 1.078299961457855755e-01 -5.037382506331586907e-01 1.298755413573790540e-01
1.084320287988355253e-01 1.316229367301700003e-02 4.430344928330730569e-01 -2.235167772604713249e-02 -4.280722797829536463e-01 -2.869715133820344710e-01 1.971164493946281349e-01 1.005098911966108149e-01 -1.976433699128679958e-02 3.663619736488549217e-01 2.343196929817651097e-01 3.164981245315280911e-01 1.323471837597263723e-01 2.038923285849177369e-01 -1.854112452718904291e-01 3.059096861417427982e-01
-1.168500494653482991e-01 -2.298726791260256516e-02 3.574047162495475605e-01 -3.426656378729685259e-02 -4.314452028692600805e-01 -3.735997063721302469e-01 3.649891013086185021e-01 1.863078033584963655e-01 -2.826050728466764084e-01 -1.142623832442155735e-01 -1.807536173375387245e-01 1.018683860397207180e-01 3.123798561215547775e-01 -8.670531787318110084e-02 -2.253973332176585076e-01 2.671749901434644081e-01
-9.869978878244686782e-02 -1.063768443129846364e-01 4.000873468367424635e-01 -8.609523258693066450e-02 -4.619194870651573415e-01 7.431013462244034917e-02 2.933921793819559420e-01 2.675571526832914993e-01 -9.911706590325383703e-02 3.506923412082043057e-01 2.105702808233558820e-01 3.393555351344087478e-01 2.312493937837817315e-01 1.265430258132088648e-01 -2.055834279601300163e-01 1.756056272324620915e-01
-1.153882688917644145e-01 -3.155204565940825101e-01 2.754057236426314947e-01 -2.263896406672027961e-01 -3.857606744081953365e-01 -3.915924159795101667e-01 2.288599175853485157e-01 9.511485863233433424e-02 -2.419690927773880673e-01 1.864078811194694041e-01 -9.000008794847570714e-02 1.871908999218500902e-01 3.200367279073803584e-01 1.891648101142702765e-01 -2.226507333672220479e-01 2.687649902098106502e-01
-2.487039890379175444e-01 1.220133853221388271e-03 -3.093470345236720015e-02 -6.272276521869603327e-02 -5.067087360388696782e-01 -3.794775958069719346e-01 3.967592723313242975e-01 9.027247213955318095e-02 -2.863970651321285921e-01 2.203939998356466423e-01 2.457685912573774611e-01 2.480818261289126359e-01 1.888302322686765400e-01 -6.452472868269548689e-02 -1.757979490913957055e-01 2.089519191874601445e-01
-1.990916925180576391e-01 2.955795624114549436e-01 3.341802154974625183e-01 -2.733742132999822938e-01 -3.564216083163529447e-01 -1.830578502794482088e-01 2.089768915135174210e-01 3.316190339456622643e-02 -4.293536292017140210e-02 3.772846382748882843e-01 -3.163326162873931757e-01 2.671695120693910463e-01 1.749772699483745364e-02 5.867370839775835033e-03 -2.114874722050751055e-01 3.472278610888072659e-01
1.309110219893921401e-01 1.855124564861255210e-01 3.308310166542057229e-01 1.065335611570243472e-02 -2.771711221611030118e-01 -1.663405120060230599e-02 1.697126833169136928e-01 1.849001461140713509e-01 -2.549328216857179030e-01 2.863479394469393702e-01 -1.546998972010752045e-02 3.469076375042480787e-01 2.745711568986834994e-01 -2.401555901294023104e-02 -2.159145799606344562e-01 5.555524341125145371e-01
-2.014719843710663372e-01 -1.661189010272511313e-01 4.331240543875444771e-01 -5.691097402877026701e-01 -3.682048818728593798e-01 -9.767724389477365488e-02 2.088025342330763479e-01 1.893737743271316221e-01 -2.128938648006650086e-02 1.859235659966796683e-01 1.560196961846057606e-01 1.221387060969011083e-02 1.581527192046363606e-01 2.256349403258964964e-02 -3.211178028196939871e-01 8.720339325820308796e-02
-8.091176576114585128e-02 7.997253281751591503e-02 4.089092072772022024e-01 -1.729275716158588244e-02 -4.443521671678744012e-01 -5.230489886524985338e-02 3.289300503193753333e-01 4.112979297015009195e-01 -3.196409795270272469e-01 1.110372115630507694e-01 -2.179045880260589013e-02 2.840034579857461106e-01 3.017747657462321320e-01 5.866554005582377829e-03 -2.049796664225650711e-01 1.151294457848323904e-01
6.381726145112585902e-02 -2.035334259178556704e-01 1.178819226848562413e-01 -2.553838441669737946e-01 -1.179866805696307003e-01 -5.212393437343665337e-01 2.688650965689645678e-01 4.457766517604782042e-01 -7.367877506131614851e-02 8.342893526255566738e-02 2.095823365242792391e-02 -4.762364167887304239e-02 6.244557471408389987e-02 2.969798276926327585e-01 -3.908562184751371849e-01 2.425007487509592274e-01
-2.519737567937195277e-01 8.122778214451543966e-02 4.119038264054661336e-02 -3.661338142656853090e-02 -5.189248102442491906e-01 -4.683745715657603448e-01 2.763686738540648835e-01 -1.299452516184231299e-01 6.797350379757209626e-02 1.933454765239500939e-01 -8.720609090306002953e-03 1.981543301141656388e-01 3.267024285947904283e-01 -4.769161870166717387e-02 -1.877452075903686957e-01 3.454702408271223546e-01
-9.987501987749036400e-03 -3.979311510998983503e-01 1.351896471819035994e-01 -2.634444602954973957e-01 -2.444066434264647592e-01 -1.299361542862594310e-01 3.471845988435484087e-01 3.090971768407320686e-01 -1.558112485064310493e-01 1.261195695543984863e-01 3.426006648631007429e-02 2.261286409065555447e-01 1.624279496311810955e-01 3.048321378420543737e-01 -1.749095745353820841e-01 4.677451942559470721e-01
-3.168769990732427932e-01 3.195601986210252488e-01 1.560178878864027507e-01 -2.259980220950089935e-01 -1.694711503727603374e-01 -3.215346049848434862e-01 4.179382589716729712e-01 -5.286414493451303126e-02 -5.295088949108851285e-03 -1.229853126730003493e-01 2.247955603578967888e-03 5.194546394064551986e-01 -1.408576402790188420e-01 2.298951196148452947e-01 -7.528264215907924661e-02 2.216525717811328455e-01
-2.373318229138959012e-01 -1.159169808308247590e-01 3.662479428269120318e-01 -1.781656439104597756e-01 -3.126708372429355398e-01 2.044488077563718503e-02 3.603999114610461074e-01 6.969062953114006642e-02 -1.552204566314987211e-01 1.096151322796428407e-01 -1.782382934809604580e-01 2.603696367292182012e-01 1.972487088667272959e-01 9.988013124823899580e-02 -5.440292583394769066e-01 2.256310027068807178e-01
4.520014940306694984e-02 7.611537552802093154e-02 -2.089829416385212066e-02 -3.260855285153977379e-01 -4.882778961221245217e-01 -3.093372756701880388e-01 3.168299118311964091e-01 2.758720741925056452e-01 8.893058235700082581e-02 2.689577337249607347e-01 2.847819179796410305e-01 2.784486962027717949e-01 1.613624434504362937e-01 1.860797281200422815e-01 -2.740568736128409788e-01 1.230591741093698538e-02
-2.066631462770485428e-01 -4.430976628848500021e-02 1.584512761517651025e-01 -1.147706371679115406e-01 -5.603114613787070208e-01 -3.254146853466901024e-01 1.640684530611909997e-01 2.673337012635541021e-01 -1.176370769648244080e-01 1.678186701958323812e-01 -1.607509254956820122e-01 2.453769315938059137e-01 1.811613651192997276e-01 -4.763155632319129862e-02 -1.441853932969539565e-01 4.635607259468801922e-01
-2.093493896803332588e-01 1.817386781725600364e-01 2.097073073078942751e-01 -1.583715195202265724e-01 -2.516114649699599526e-01 -4.410648536136405617e-01 3.284896832062871863e-01 1.722586491941444919e-01 -1.312215987150297247e-01 1.436987945845974446e-01 -5.753818972132295623e-02 -7.741460110638150038e-02 3.329787481020980433e-01 1.501760435175224506e-01 -3.381288192560791828e-01 4.046346993887083299e-01
-8.383856483584952324e-04 -1.435635928573256725e-01 -1.848044978178027542e-02 -1.574188271467797939e-01 -3.976316389628822834e-01 -9.245111344653346441e-02 3.777819262722377780e-01 2.901920529430602191e-01 3.552764061654780092e-01 2.182910548774666670e-01 -2.729198578410265141e-01 6.095457481807835254e-02 -8.602650203569654763e-02 2.111161987345689106e-01 -4.791759882420553174e-01 1.643915542810462094e-01
-2.417655208284833490e-01 -5.369629543911314667e-02 2.134481669500262746e-01 -1.953624729367441082e-01 -2.708857769412683081e-01 -3.438645496650598044e-01 6.251190309498395603e-01 8.999431684328425274e-02 -1.107867891037224786e-02 2.948002355230633365e-02 -1.302269688440351181e-01 1.659855035121265629e-02 1.960452298107573377e-01 -5.918751668152338191e-02 1.893182154439323681e-02 4.515784760931358943e-01
-9.592805851588041832e-02 -4.094276733757627046e-02 4.284639632572492252e-01 1.318928098743038339e-02 -3.460869505747167230e-01 -3.747365691440370239e-01 -1.244546607486357315e-01 9.556351963384536463e-02 -1.573319202349754142e-01 1.040434710635355364e-01 -6.106857527898148369e-02 1.827833303104883511e-01 3.392679733328735625e-01 5.203030762038991092e-02 -3.691548591515173561e-01 4.401572850388918989e-01
-2.077145912421672902e-01 -3.122031724151937415e-01 1.596914339864991816e-01 -4.053668252123752702e-01 -4.249190963682654698e-01 -2.765721131860965354e-01 1.070618710438982352e-01 -6.213051541952659129e-02 5.925712775254806525e-02 1.541797505669015855e-01 -5.079639538048658087e-02 1.872417340894435844e-01 1.337008391663860041e-01 3.056737922250511996e-01 -3.810192316765231291e-01 2.752795183481085983e-01
-9.907348347645257916e-03 1.015677798324031017e-01 8.122505806913300763e-02 -4.401262042021525378e-02 -3.772524064769053886e-01 -3.765813070393597695e-01 2.942718340728457393e-01 1.044064559844418288e-01 -9.903947773675822464e-02 1.229989059738835211e-01 -8.333452943327238072e-02 2.672614787874423858e-01 1.569596472629547212e-01 -2.583147125975058800e-01 -5.168517521899135270e-01 3.709612973538427561e-01
-1.765476916339108471e-01 1.771637641545467934e-01 1.770774032344387683e-01 -9.478541835963349982e-02 -4.224155008753815443e-01 -3.111008641012701359e-01 2.925006180800639455e-01 -1.887751535854134341e-02 -3.169276499684115511e-01 1.334759688877646955e-01 1.593570295737289921e-01 5.038813484439050860e-01 2.735299539565794191e-01 -5.789305263958248460e-02 -7.885886906496664128e-02 2.324492364730795235e-01
-3.176267511636925445e-01 1.689611779672448855e-01 -1.461141694071394492e-01 9.970584709941170132e-02 -5.439081005981795114e-01 -1.230600025614552728e-01 -4.154732324636066509e-02 2.692680527058680107e-01 -3.298511690902356519e-01 -7.463556224407347228e-02 -2.847614945341470083e-01 3.490448389433210008e-01 5.066904164257106380e-02 -1.445061633291454956e-02 1.674342298487085934e-02 3.656683290407781728e-01
4.770935570738280875e-03 -1.271227513459081138e-01 2.954978642505564079e-01 1.827333440156327831e-03 -4.858112197935535170e-01 -3.187105512041660260e-01 2.748065879508016507e-01 2.537737192351795512e-01 -1.384476102747354553e-01 3.905163191848390891e-01 -9.004917228115534578e-02 7.180483324925597544e-02 1.747987527909651562e-01 6.009893150082360261e-03 -2.128526978055471641e-01 3.976851539284774195e-01
7.679120290255864179e-02 1.791725532069622651e-01 2.254975217805832155e-01 -8.919582397839349863e-02 -2.752796897748213123e-01 -2.330645012223431234e-01 2.061661277850936405e-02 1.308140638141954415e-01 -3.064248092554006653e-01 1.364416190564668729e-01 -1.478884917278563416e-01 2.971435261157118202e-01 3.419365757497759839e-01 2.840331498298623303e-01 -3.060608633140115553e-01 4.915419435987852248e-01
-2.317893562675229224e-01 9.983743875413772506e-03 1.729353642021362256e-02 1.055766134118632342e-02 -4.680711575507757183e-01 -1.385068320946697962e-01 -8.200579205900199176e-02 -2.767416184709338145e-01 1.526865730380488895e-01 3.715391627900579974e-02 1.404853331101356961e-01 -4.923681086497295190e-01 2.084568634209481575e-01 4.823074983965456863e-01 2.455892002133070184e-01 3.054399577414362160e-02
-1.379741500496082240e-01 2.013115463206187616e-01 2.561646625896537022e-01 1.172911911070692037e-01 -4.132373492032025974e-01 1.708439921971062203e-01 -3.935382111869697996e-01 -1.024580286367391818e-01 -1.376107162451727650e-01 1.809088357590160068e-01 -1.292652340562069624e-01 -3.072426502693964001e-01 4.830127967102245123e-01 2.344537792181859981e-01 4.010026951757943853e-02 -2.075722974535290088e-01
-4.866240655718183095e-01 7.895419721645710598e-02 1.005867596166592631e-01 -2.051565948643522541e-01 -2.149899795335906139e-01 2.023218640659564249e-01 -2.883663228331668216e-01 -1.767374997364963285e-01 -3.226197336421132711e-01 8.227648228172831923e-02 1.554990476399986388e-01 -1.082594703227140465e-01 4.992408793438466441e-01 1.138421733485862203e-01 2.668455013100292095e-01 1.518197107483884034e-01
-3.579885860109444096e-01 9.987122797912123540e-02 1.162680770559484655e-01 8.732990938375408130e-02 -2.427731710017894118e-01 2.448363006914188247e-02 -4.281138004085540683e-01 -2.330957435727026850e-01 -3.456375816255171096e-01 -5.316640692148883601e-02 7.506644788167418647e-02 -3.650088705936918032e-01 4.423012423467120313e-01 -1.997394239719497422e-01 -2.046025640426042957e-01 7.088674961895220783e-02
-4.194338448764446947e-01 2.034930598052711592e-01 1.021469534667759638e-01 3.071650762341257002e-01 -4.141005322461187577e-01 -9.717744966679744967e-02 -1.873324525804317686e-01 -4.740187747578232247e-01 -2.124400294324983174e-01 -1.520568996308536980e-01 -1.064509984588900837e-01 4.591462687849792723e-02 1.900462813683768959e-01 3.305903241379850588e-01 9.492494594272521402e-02 3.257536457311451666e-02
7.312413559716313127e-02 1.646188479600151910e-01 8.602709967430971494e-02 -4.479764678264053224e-02 -2.397967076358037131e-01 -6.553338755375651137e-02 -4.672169858592220559e-01 -2.735272727765563627e-01 -2.901521243992364885e-01 -1.475304482497192815e-01 -2.391831456706135228e-01 -4.243095963322545128e-01 3.163405880686870897e-01 2.996350147530024016e-02 5.951245057419112666e-02 -3.943709268294476322e-01
-2.526535440865739224e-01 1.841132363926511473e-01 1.980896586935338571e-02 -2.311761210912844089e-01 -3.525572020908890325e-01 8.662678597202704001e-02 -4.792167157057840299e-02 -4.832096372125925243e-01 7.447292639141982196e-02 6.782331230004136347e-02 2.521624962850645968e-01 -2.085091194632931744e-01 2.933320143006744596e-01 7.388951646965678799e-02 4.084127895903256755e-01 3.245494631195111057e-01
-3.638114317996541947e-01 -1.153954938271585295e-04 3.065562418597684441e-02 8.461235190929063121e-02 -3.847859041588040929e-01 2.025005639298974314e-01 -1.816110973193258427e-01 -4.516301524431959868e-01 -2.005728631551293439e-01 1.923390871215714670e-01 2.397800191523714528e-02 -4.382363748596913022e-01 1.308940954304425308e-01 1.360034151863532270e-01 3.477767779875359233e-01 8.422833564762625957e-02
-9.758779603591068164e-02 2.043571517688378136e-01 8.551651266767516801e-02 4.719619774016013680e-02 -4.648983999410583601e-01 2.816406439707840881e-01 -2.427121427659408026e-01 -1.622611153997881028e-01 -1.772541908617485673e-01 7.467955155401559408e-02 1.401191873955483225e-01 -3.990467597511889730e-01 4.450695657409636796e-01 1.851070844271036631e-01 3.096737078342050586e-01 -1.198634640937315810e-01
-2.541295518189795044e-01 8.784353199760783215e-02 1.219564380666560560e-01 -2.912249363060631646e-01 7.415510709024447644e-02 1.128002253671857302e-01 -5.173272120177280220e-01 -1.033570098769988621e-01 -2.640158808509199609e-02 2.498032282203526966e-01 1.962091057217515699e-01 -1.791451709873188511e-02 6.273069662488875986e-01 1.322150925224067387e-02 1.894081602028175604e-01 -1.196993922112172789e-03
-2.972404897439726024e-01 7.638943670601745783e-02 3.053103839938664521e-01 8.194064996676355198e-03 -5.906384951223350166e-01 3.249528991576579595e-01 -1.693327572030406125e-01 -2.267420865759654444e-02 -2.015443995730476778e-01 -1.408556206325380644e-01 6.921177689317538351e-02 -3.846444170213481062e-01 1.424657180993328665e-01 2.920721099938731191e-01 9.563268231027710620e-02 -3.074075932930062788e-02
-3.392511354243568644e-02 -2.235524430874315793e-01 -1.066805880951935404e-01 5.238855248954919774e-03 -1.472383976148154694e-01 -1.232138835361758639e-01 3.465886921279008603e-02 -4.386787637097236403e-01 -2.842567092608377921e-01 -4.137701173516085407e-02 -2.760745935365208070e-01 -6.794042011917781343e-01 1.905758842832449076e-02 -1.374840405997708737e-01 2.418675210482366666e-01 9.422293839179844699e-02
-3.027925240678178143e-01 1.273472961220557531e-01 -1.653621650810270238e-01 -1.779005033067003472e-02 -3.067719404713835640e-01 -2.489865325983337263e-01 -4.942093230375472768e-01 -2.196770494700915066e-01 -1.989578238229204044e-01 1.299575582418545650e-01 -2.982205610190500344e-01 -2.280014863721126217e-02 5.102966349723704331e-01 -3.613948596714344069e-02 -7.726071474820894736e-02 -4.719719843934116338e-02
-3.488084501429226658e-01 8.426543822456732113e-02 1.275607746273043630e-01 2.989204972215625186e-02 -3.914161376585797436e-01 3.223082426657661315e-01 -1.940993663028020288e-01 -3.647270522333975751e-01 -1.465400678527807310e-01 4.071564004696769795e-02 6.218962426979091074e-02 -3.631232181145515603e-01 2.824500567345850643e-01 2.522109216303846657e-01 6.738040484448025447e-02 -3.456744916858843220e-01
1.534235585419214953e-01 2.757397010988682159e-02 -1.045304183020066141e-01 1.751135296413764975e-01 -4.806623426962865486e-01 -1.545306668317814880e-01 2.664281973307786600e-01 -3.049667536502481680e-01 -6.343085284868019702e-01 -2.001753507063220791e-02 -1.657970039335211754e-02 -1.615826656051654597e-01 1.706665404105003336e-01 -8.310925050295342800e-03 4.101150423852299720e-02 2.349358915083324117e-01
-2.063071437554507004e-01 -2.710301014621079724e-02 9.034255915163717787e-02 -4.181590640570613804e-01 -1.254228491011173119e-01 -2.265439490560890723e-01 -2.610132340735013545e-01 -3.536303806422484430e-01 -4.060505895917889685e-01 3.631565048850634581e-01 -1.032168979598051262e-01 -3.775254193459283703e-01 2.223445369823793261e-01 8.112567567827751180e-02 -5.054174384685047872e-02 7.026213167769136680e-02
-6.065216068535079358e-02 8.320080576275111495e-02 3.809641246771501844e-01 4.847437198566747485e-01 -9.838136373457258277e-02 1.895384446542409673e-01 -4.805557717541257545e-02 7.998413359733067343e-03 4.119069990239221379e-02 -6.623603927144861014e-02 3.519836168827239486e-01 -2.001327059484596382e-01 4.264985416843535826e-01 6.840443053277907998e-03 1.872065148406599766e-01 4.174784367212386882e-01
-2.731041848620617274e-01 -4.418264223211686853e-02 2.123381587622582833e-01 2.099521415990653894e-01 -2.738736593552707488e-01 1.936827119505299954e-01 -1.300042698806470887e-01 2.072439587831272356e-01 3.149013243510844773e-01 2.211235558081495883e-02 -7.276474256581895450e-02 -3.310950110816927583e-01 5.344531155868219585e-01 -2.883662534237205199e-01 2.332303197074045986e-01 1.554401321892397436e-01
-3.717606662791810290e-01 2.844237451717824827e-01 2.369387574816416431e-01 -2.673045801594693960e-01 -9.853481566182920037e-02 2.708692307619116058e-01 -3.395958870575316313e-01 -2.186606430710184568e-01 1.903936057758122413e-01 -2.216963466716645181e-01 1.922407357821117324e-01 -4.083038359667902628e-01 2.186100398544615353e-01 2.213753217313757238e-01 9.865849514756871996e-02 1.071911094471667270e-01
-4.046461673615689425e-01 -1.149558899285805791e-01 2.363340212238011495e-01 -2.506730335958486933e-01 -3.564179730784363797e-03 4.056152386369288876e-01 -2.170704105671747708e-01 -2.123579568580602206e-01 -1.005922969621926982e-01 1.474709717568472023e-01 -6.441101884293737312e-02 -3.682049154144657055e-01 1.663331162595749479e-01 3.408808656115522306e-01 2.299534512432482580e-01 -2.815471477884383678e-01
-2.331956959247584726e-01 3.740952184787220136e-01 -7.614366836277340622e-02 1.303790335420712543e-01 -2.353714017530338376e-01 1.937595329106847064e-01 -5.914259053216803785e-01 4.128860682254795189e-02 -2.102176169289918933e-02 -1.201374740460001006e-01 1.332583064551915164e-01 -2.734646038869571472e-01 3.400079685160061760e-01 2.717711800340500417e-01 1.817720747356496025e-01 -9.231742706652212860e-02
-1.534265793224250281e-02 1.875308392628395604e-02 9.215758111727916091e-02 -3.613193303487687302e-01 -3.082794124195633589e-01 9.407014941222890947e-02 -5.314119605187686002e-01 3.602431718305665071e-03 -2.514187622781129949e-01 -1.349719625687477997e-01 -7.115950120859321215e-02 -2.950009742350470088e-01 3.962056950263254107e-01 3.465122259340663868e-01 1.466003944123685232e-01 -4.485290145512615956e-02
-3.456940486154747583e-01 -1.546340077043713984e-02 2.551936502834112330e-01 1.468868402430098530e-01 -6.161951969637908810e-01 2.086198702413682299e-02 -1.163233474681590746e-01 -3.187534118372514769e-01 -1.708275292293035819e-01 -3.749534929659994933e-03 -7.688304065294385148e-02 -2.106559516910746360e-02 4.699953400805787496e-01 1.197203154890694732e-01 -1.518593764989283057e-01 6.670572805560019691e-02
-2.385447021383087229e-01 -1.195628076541639107e-01 -5.838649680154237714e-02 -7.464444229859600044e-02 -1.282454302323460527e-01 3.382413351620836006e-02 -4.412348983852750761e-01 -1.358872822847607964e-01 -2.482808641613964418e-01 9.657276823186228265e-02 1.425985740430805726e-01 -4.118110585960888526e-01 6.306793126163322549e-01 4.313973497100227761e-02 8.223606805165367684e-02 1.476592074723065140e-01
1.382869043165977085e-01 3.845495994570528597e-01 1.947069723997163215e-01 -1.260637269668754556e-01 -9.267665787818255008e-02 3.588140997069749205e-01 -1.595517364981428599e-01 -2.857285212969286059e-01 -1.702085662461037263e-01 -7.154329917315119247e-02 -6.161275124536744197e-02 -4.323769091232093076e-01 3.909272387437690011e-01 2.400613154749909606e-01 2.989273585064133321e-01 -1.005732297675738657e-01
-1.837473413792432009e-01 -2.620883665612695670e-03 1.345102212115652507e-01 -8.296988604356315966e-02 -4.544785321999054717e-01 3.341815937502667921e-01 -2.016389299973584404e-01 -2.129756222788903863e-01 -1.308707180917782487e-01 -1.352555168509491090e-01 2.593181811259449576e-01 -5.828342034556881490e-01 1.363987017733474250e-01 2.005823530096172702e-01 1.890855116900201638e-01 7.352000314206912253e-03
-2.139559495598620242e-01 1.918347633652343620e-01 -1.245807897830505523e-01 -1.530704472169167329e-01 -1.048513874580328242e-01 -3.541652202432563068e-02 -5.220127897005369944e-01 -3.043476711460771367e-01 -2.511888896053165454e-01 3.797293283910125328e-01 -1.234052946560743394e-02 -3.624725902286765611e-01 3.229919894348333154e-01 2.263010097092048659e-02 2.396360816102995062e-01 -2.837681562880381946e-03
-3.646660347479142167e-02 4.561093815588775358e-01 1.468903717503806383e-01 -8.702605729175559579e-02 -2.246419305617009254e-01 1.685780479041669722e-01 -1.914539671956526912e-01 -1.936846403096455782e-01 1.310985463719093191e-01 1.584045323618393439e-02 1.496719996760016158e-01 -2.959599238110763308e-01 6.461387238407793054e-01 1.403607596041495098e-01 -3.324251937358708303e-02 -2.066397713156996885e-01
-4.801715108746835714e-01 1.787030045080138796e-01 9.795382440335702323e-02 1.460309612735825602e-01 -3.230918032007998875e-01 1.636854343171373072e-01 -3.659564117966365715e-01 -4.290910103786376162e-01 -3.856272044160741902e-02 1.867097412945900869e-01 -2.446359376989409307e-01 2.374277340526926086e-02 1.579176744746360328e-01 1.308990093290069989e-01 3.245155673646740735e-01 -1.149572507963950302e-01
-4.830959375162470204e-01 1.805641917546813580e-01 -6.034948038279085852e-02 1.887310229596027289e-01 -2.941315393022590485e-01 1.695452726727625023e-02 -1.014766878419969126e-01 -1.395217133577289770e-01 9.799588231259820370e-02 7.417384946155061720e-02 -4.333521865540104212e-01 -4.678835419599959855e-01 3.476546927874415993e-01 4.027219107128297837e-02 1.718623900051877984e-01 -6.597263606332941233e-02
7.253700276480529174e-02 1.622145665472122522e-01 3.418410986002461405e-01 7.558095339955672731e-02 -3.976151750361778814e-01 -1.504037258587477832e-01 -2.907912388692794337e-01 -2.999018940550379764e-02 -1.336299683992948351e-01 5.520495230854720325e-02 1.473873132212532577e-01 -4.257423853060139374e-01 5.691841574749147981e-01 -2.544209944254045147e-02 1.416212075602893972e-01 -1.054528816681207515e-01
-2.259320335027774351e-01 2.530883591198953009e-01 -2.425837961189328262e-01 1.462043816958459030e-01 -2.530033182760126342e-01 1.219897683192303212e-01 -3.551473311884146278e-01 5.855435401948985707e-02 -2.085544946287896384e-01 1.941487467889573271e-01 -1.393977399110080673e-01 -1.498994147363391372e-01 5.650827874320888400e-01 2.719366161142593996e-01 2.221689369955344717e-01 -1.746727327003568531e-01
-4.354406216156314069e-01 2.004432256079127506e-01 -2.001698516419045670e-01 6.354346142226893757e-02 -3.416917148013130512e-01 2.243316340742426696e-01 -1.401159184355587062e-01 -1.303357358071503824e-01 -1.508753652263616907e-01 7.110355338507539334e-03 1.376374149361368482e-01 -3.348005705106398833e-01 3.104377899657322359e-01 3.993856997370489048e-01 2.553740967002546269e-01 -2.178636084177388854e-01
-2.380063824882298618e-01 1.267056560391355835e-01 4.591558611107209031e-02 -8.623804543846873283e-02 -4.087008116507040434e-01 5.057714975804481483e-01 -3.110018675111438924e-01 -3.191527792965446197e-01 4.750326666964600764e-03 2.698164287257878158e-01 -2.085072832113218366e-01 -1.477564315764525460e-01 -6.207157566523623798e-02 3.142161723414255703e-01 7.086155197481140700e-02 -2.249329093393222512e-01
-1.412914200717393376e-01 -2.921379907081763649e-01 -1.162406233463567258e-02 -2.613263744678924125e-02 -3.810303424956547613e-01 1.246290831852396724e-01 -1.741618654397482924e-01 -1.074090333728889429e-01 -3.357023359495184267e-01 3.654631857744426449e-01 1.016226077614711953e-01 -2.978682561167914425e-02 6.157324224671021362e-01 2.289086260439041898e-01 4.784390452905036561e-02 2.950775924555795846e-04
-2.718529673558329751e-01 1.247801645161263351e-01 -6.414503079789454776e-02 -7.848068558607503020e-02 -3.430959038275087636e-01 -1.562335812553577175e-01 -4.051074722177128717e-01 -1.405545830398043095e-01 -5.295673404394124484e-02 -7.210075412265863626e-02 4.669487405381857470e-01 -2.551001198258639469e-01 3.298983350574527518e-01 2.258531037102716743e-01 3.443298041153752265e-01 6.881136475485659376e-02
-1.263871792770611124e-01 1.194595496670528972e-01 -1.180603950623189125e-01 1.030278211618150808e-01 -4.467506166919886224e-01 5.033903351889692512e-01 -3.850837648259278767e-01 -1.171025546134591422e-01 -1.159832382031929926e-01 2.756022073537551242e-01 3.024524500644084068e-01 -9.873920804877088508e-02 1.467474644709184650e-01 -2.581791826032734938e-01 1.661708696812874142e-01 1.541835925086433856e-01
-2.675754643124347854e-01 1.220170322105951083e-01 2.763483782538249667e-01 2.930949015303392358e-01 -2.079915021372798906e-02 -3.211390840897029170e-02 -4.692805271710383530e-01 -1.337873977877545584e-01 -2.200473028418825638e-01 2.052604754293770872e-01 -5.057720877116961278e-02 -2.621479686993213321e-01 4.850477313560003778e-01 -2.756961602406211576e-01 1.760509811928542834e-01 8.688536288990178491e-02
-5.044620897852576669e-02 1.562367438696946054e-01 1.495774273774911900e-01 -3.805017877792750136e-01 -4.014629369287043281e-01 4.114765023450861481e-01 -3.977778735538310961e-01 1.103387542390360659e-01 -1.740989294684976152e-02 2.134616604506817950e-01 -2.020535377244865316e-01 -2.842776998958958523e-01 3.662345451369781180e-01 2.042088251976980490e-02 -2.769228961634036951e-02 4.672171311462777060e-02
-3.720531766977618338e-01 1.771787793571486316e-02 1.560319713474578873e-01 1.046311564285986630e-02 -2.866866418594729016e-01 2.197768020389525775e-02 -9.250404171565616840e-02 1.445225855065702392e-01 -4.790447728107943837e-01 4.626414219170604802e-02 -4.403649418224538370e-01 -3.817746713231225941e-01 2.139269142700268023e-01 3.913614926456213811e-02 -6.810057419004596213e-02 3.185271342324988986e-01
-2.436998385353592034e-01 7.564094400429788659e-03 2.753036491258998297e-01 1.230889840819164721e-01 -1.556000846786849967e-01 -1.779678182215146259e-02 -4.897608183896725031e-01 9.526394788202405262e-02 -2.173282122865756449e-01 7.717801457646045193e-02 1.346518465857480529e-01 -6.404977114546605010e-01 1.203729396682831077e-01 1.380461835423600347e-01 2.307510644040506598e-01 -8.827401702939731420e-02
3.580103628520026060e-01 2.838950568889376802e-01 5.979524863138525187e-02 2.323672048059966244e-01 2.283048809825092562e-01 -4.587246761057807432e-02 4.854721203243794747e-02 1.951213719705606475e-01 -1.064975802132959726e-01 5.170521892249329426e-02 2.064484607214655543e-01 -6.228673587427036723e-02 5.315984012389584068e-01 3.196744387895725792e-01 2.944186512603496619e-01 -3.271374110293611692e-01
8.766025102050509221e-02 1.979330793601866978e-01 -1.072463664802561639e-01 -8.505548332811037338e-02 8.631689513569495986e-02 1.283046477003971231e-01 -1.815041344635971443e-01 7.613798641741072182e-02 -2.492514882830928757e-01 1.913193428848916355e-01 -6.599612143148535226e-02 -3.211700554208223035e-02 6.456445832079373837e-01 5.234724635823040373e-01 1.988529608817085625e-01 1.928971016884911405e-01
1.923140047068117378e-02 1.279847403103074877e-01 -1.436114588196633901e-01 1.823389383755002480e-01 1.103842144059053176e-01 -5.000381030244822195e-03 1.726762073628628769e-01 9.907010794240671270e-02 -4.194531147331269638e-01 3.564962650474936545e-01 -2.171805409670127598e-02 2.481519190055545554e-01 5.311229465916703640e-01 4.364030034152134863e-01 1.689842749894789886e-01 1.065846154106948190e-01
-2.991105110917624543e-01 1.726820565095811277e-01 5.095582936713212441e-02 2.680617243151486861e-01 2.481209525488838885e-01 1.536234112250009498e-01 -1.438420422755626593e-01 -1.192621648129196799e-02 1.227768126471440457e-01 1.668233407570655080e-01 -1.425923520685056789e-01 -1.460602694697712110e-02 6.727547310352488541e-01 3.424301153200507430e-01 2.555764247808114953e-01 4.045477771672201239e-02
1.027015114433876275e-01 4.791001450077888024e-01 4.197420922507148489e-01 2.580284467087811534e-02 -8.047001483898852392e-02 1.266907389585466281e-01 -1.018238212978042623e-02 2.957391017241315923e-01 7.171292234946938238e-02 1.349398998837523789e-01 -1.630327999449932286e-01 -2.346908080509335082e-01 4.533330967865484840e-01 2.851887754160862265e-01 8.384373207543374673e-02 2.721960346007471498e-01
1.976367618919639690e-01 9.236477523001565548e-02 2.326750922600136912e-02 1.911719767647001300e-01 -1.966473299880245607e-01 4.893842319888090653e-02 -3.848734646814160332e-01 2.946691338724088949e-01 -9.291703187451413881e-02 5.176418366507248292e-01 -2.842337756437292584e-01 3.044186156589365755e-01 2.550707138536438823e-01 -6.241925342650544301e-02 3.398348552431685321e-01 -6.932959893209145186e-02
4.246169140915298512e-02 3.082822779976331362e-01 -9.790210131295334905e-02 3.349659131982687388e-01 2.073975387869269604e-01 5.806586692070801053e-02 -6.538417746685232235e-02 1.066817614390217633e-01 -1.921157921972467819e-01 1.816313555260430368e-01 -7.943164578272597642e-02 1.409344137777210904e-01 7.077294614176068421e-01 1.967828461863257994e-01 2.595154759258466171e-01 -1.277008257179765294e-01
4.319273854896271692e-02 2.286373166335553542e-01 -1.909569868217105559e-01 1.574590274897404441e-01 2.889432262007640140e-01 -1.531146054321115280e-01 -1.050142741617435538e-01 -6.915503899839489654e-02 -3.040808783566067985e-01 1.677641982746225779e-01 -1.710070300437018520e-01 2.378959469738135268e-01 6.041806757482274248e-01 3.788874546991645720e-01 1.608829191950985060e-01 1.446981768515479549e-01
-3.472911714670760819e-02 1.213203998225003688e-01 -2.837979019867055697e-01 3.872870882635283118e-01 -7.049417135206544061e-02 2.703317904978204123e-01 9.354939432286062118e-02 1.072109930682111356e-01 -4.636626463199459702e-01 2.591292120604524740e-01 -6.849720971452903477e-03 1.503762514408311379e-01 3.406207525521471324e-01 4.256553743126135214e-01 1.929633705279846789e-01 1.265603761609925826e-01
4.141397511498205730e-02 3.134878198936569271e-01 4.372025116386931559e-02 1.142549963017256698e-01 3.560266094094241551e-02 -1.351644461827304078e-01 -3.301892842895880475e-01 3.556047376968678453e-01 -2.356672283689064673e-01 3.338448304133003197e-01 -1.110432995730670502e-01 4.682818964396018302e-02 5.357283797249007273e-01 2.723945997311405520e-01 2.903034137774719858e-01 5.507486803695610389e-02
-5.927684808529382759e-02 4.935408785377357055e-01 3.080444823467944071e-02 3.038734363934966331e-03 5.171304620595183060e-02 1.118905620743529394e-01 1.956052767845448404e-01 5.898890507962344792e-02 -2.608033817143114996e-01 2.574025485221249632e-01 -1.385640063833139257e-01 -9.041805456774656968e-02 5.841713334064547736e-01 1.178905527489496757e-01 4.167580900594379800e-01 6.722452759666627808e-02
-1.407233880241723911e-01 3.751515234908559537e-01 5.773525585256240183e-02 1.324469522391411025e-01 1.919267759032654286e-01 2.439167696954929951e-02 -2.139451650892995604e-02 1.240283679462375055e-01 3.343576851792336158e-02 -3.719249131180927604e-05 -1.021630650506355764e-01 7.345559451584599345e-03 5.175259645986041157e-01 6.204554124662986503e-01 3.054922513186097977e-01 8.705369229163642530e-02
6.944697564294102787e-02 2.663242216381323524e-01 -5.801955096567987247e-02 2.722904515747480714e-01 4.280854014255148880e-03 2.911465057880512353e-01 -1.183318697115022938e-01 2.712669007318386782e-01 -6.149500063409922557e-02 3.962030555057097225e-01 8.465279241742602531e-03 2.199219394647788928e-01 3.347453938070812374e-01 5.394065417037525734e-01 7.416118927901968472e-02 -2.380289840656268363e-01
3.068392374710831039e-01 5.399962305969238652e-02 1.893691404650182097e-01 2.309075166472171203e-01 -1.049545655496919444e-01 2.825590934529154108e-01 -1.642253787398720855e-01 1.269764765658693839e-01 -3.303838361979758997e-01 2.038971858109299151e-01 8.314083514460628155e-02 1.151357010769278599e-02 6.072741938877319612e-01 6.433565296858012594e-02 3.858457537803501869e-01 -1.536869623766514044e-02
1.171128741505241683e-01 -1.218633118640559815e-01 2.789243769165396514e-01 8.630894036497603616e-02 4.563581024852295283e-03 4.427836376692565606e-02 -1.127008793162030537e-01 2.229140030061063649e-01 -1.837585197669822923e-01 4.240956833755242794e-01 -1.650615975607714336e-01 -1.084158053703425384e-01 5.859089993025786702e-01 4.388258152224504549e-01 -1.479634946670338458e-01 1.069486726819256495e-01
4.170653656079818805e-02 3.382006251973795341e-01 1.045826126619181229e-01 3.200514076078411763e-01 -2.294427126117754567e-01 2.938053269873175943e-01 -3.919050169665570515e-01 2.755283422153600448e-01 -7.521633966306942587e-02 2.466541551538309340e-01 1.295123359730618595e-01 -6.578699467704514359e-02 4.824865708828260380e-01 2.313954371645037811e-01 1.126452328286388777e-01 1.241624160941597194e-01
1.410132458962269630e-01 5.131002873999088720e-01 7.895688582604358519e-02 2.732417564310863911e-01 1.788805483557237008e-01 7.552560783851872128e-02 -4.257983009098885441e-02 3.444453961339399295e-01 -4.578882388573216056e-01 1.162114564415372142e-01 -9.124056336039734760e-02 -1.464386757625051570e-02 3.146890573113735878e-01 2.071936309174710056e-01 2.527208643348644035e-01 2.006434835739735745e-01
7.999537926954523870e-02 3.031452289924190802e-01 -1.272733292481680878e-01 8.559284745665839134e-02 1.262726350077607029e-01 3.371340372423379250e-01 7.638976153965512661e-02 3.556563961972476762e-02 -2.025309155733282795e-01 6.147076754127467346e-02 9.841949967793819920e-03 3.286510545969009017e-02 5.923337802621579939e-01 5.660799728282944754e-01 1.018180068692187412e-01 1.175902640159753182e-01
3.694661456422049239e-02 2.504994442521224496e-01 1.094750188314948247e-01 2.543227544728617895e-01 1.248585599904236537e-01 2.845338222646320303e-01 -1.127465008445849431e-01 2.438397717573194956e-01 -5.014663630655623316e-02 4.577695053065642949e-01 -9.409375134935292484e-02 2.205487398582289815e-02 5.702898537914122823e-01 3.545220665500860568e-01 1.313746487661197337e-01 3.029853419291925198e-02
-2.559137453573306353e-01 1.245269424302083427e-01 3.629868454068402306e-01 3.290815467816263773e-01 2.938820346156290758e-02 3.018148100434751568e-01 -1.629213176398056351e-01 2.502130280985631061e-01 -3.259480903886272651e-01 2.565906859927152284e-01 -5.660543779237434125e-02 3.944875443403998011e-03 2.412366112781005323e-01 3.328637158916821215e-01 3.841793143992973114e-01 7.715920523787592189e-02
-2.490084642212169255e-02 4.162540872895365007e-01 -4.734605166405947418e-02 1.449391720193906330e-01 2.829015035037191206e-02 2.239992624730515747e-01 -2.667673277618477501e-01 -3.324944343641566408e-02 -2.256577771837091628e-01 8.156235262934496619e-03 -1.338495747959206617e-01 -1.182863520441144872e-01 4.634515238740888332e-01 3.694834461623757171e-01 2.918446487410330525e-01 4.003038574944053907e-01
-6.911061177954683221e-02 3.671709265437156922e-01 -1.170417358939791763e-02 3.047344201201920844e-01 1.724659865163161721e-01 9.621377513308788237e-03 -9.917121956686632267e-02 1.804913652097848153e-01 -4.072030175040293742e-01 2.591229902786184591e-01 -1.188364698622677573e-01 2.360898327103106986e-01 5.495224481859239951e-01 2.774377865659713449e-01 -6.554884474213255874e-02 9.537920991170611984e-02
-2.933418423412311182e-01 9.828547613411847683e-02 -1.475415175534608653e-04 4.620884076843013999e-02 1.481654862896274460e-01 6.927980074789139020e-02 -1.089074894531081722e-01 4.457657537292425420e-01 -4.764391348048473418e-01 1.999043513789573179e-01 -4.721627047249366688e-02 -1.567361155567167652e-01 5.606397568843396462e-01 7.128396564541818192e-02 2.053905118944400754e-01 -9.746492332470441111e-02
3.360090081470917256e-01 3.473700878519950797e-01 2.549734354563721467e-02 3.258343083622975977e-01 -2.945848631395711625e-01 8.791939492058739591e-02 -3.543103668057684397e-01 7.767976420694354400e-02 5.730004022688552773e-02 -1.466421150694552922e-01 -2.036118942868468396e-01 2.436252377913946388e-01 3.806872993916565195e-01 3.664691407637718501e-01 5.488357166049238900e-02 -1.603149777592142444e-01
2.778950892113867810e-01 3.609286813991555709e-01 -9.595766457239593775e-03 1.257485801666126946e-01 2.968307940532786682e-01 5.843951701138022647e-02 -1.033477911889486567e-01 2.806155467648656643e-01 -1.336399918216457372e-01 -3.877942384989146573e-03 1.169372841619243097e-01 4.776237817376693257e-02 6.034915334652497521e-01 -9.295288896274522816e-02 2.197896710835035849e-01 3.750605879298354317e-01
3.631612433584469612e-01 1.508038984790724957e-01 -1.693775955390749641e-02 1.343594363815315829e-01 7.547162001873046477e-02 4.309804108391974697e-01 -9.309687047450901365e-02 1.536791526974210821e-02 -5.058055555180153429e-02 -1.417587823066361330e-01 -2.098904412726134913e-03 7.298428865297217072e-02 4.662958028374389330e-01 3.694124935652640107e-01 4.214675732779209483e-01 2.591758696204765622e-01
1.710798450527113157e-01 5.385932578637454143e-02 1.759662489101955149e-02 1.576217714726980620e-02 2.077129605127560341e-01 -1.622610765977404576e-03 5.010143586110009373e-02 5.773508344732147801e-01 -3.487330049569923318e-01 4.534830512148150250e-01 5.913049933633772806e-03 3.655096722742313953e-02 3.066590590855331477e-01 3.109770326479437963e-01 2.061092087883162338e-01 1.625463081166925172e-01
9.693139739233485111e-03 2.030535892420325672e-01 4.482830669072158242e-02 -1.199782652093075441e-01 2.053240153287490613e-02 2.347626114579897116e-01 -2.747171006010225569e-01 1.456344400222858437e-01 -2.491850483816239470e-01 3.255205606551133269e-03 2.989207243500458314e-02 -1.182858953439107075e-01 7.556120833403990877e-01 1.655954748659655973e-01 1.787162116794636102e-01 2.876754128607220129e-01
1.133741472498607517e-01 2.722113992693138695e-01 -1.331900151456983650e-01 2.048954209516696059e-02 2.201464071971895864e-01 1.462928210017269415e-01 -2.043683547053777028e-01 3.870859072808200962e-01 -3.453822395166263881e-01 1.832978426673273764e-01 1.446528071655165358e-02 2.554640960245272985e-01 5.718464271319451120e-01 2.082457756584369657e-01 2.034909359840373078e-01 5.725872632085509534e-02
9.763899613545996836e-02 2.382393934377103339e-01 2.277627543029780433e-01 3.059560178554187049e-01 -1.137866136052941013e-02 3.758641456754100441e-01 2.020771200560146988e-02 2.365855262803719106e-01 -2.610820340633216996e-01 2.616722141217071029e-01 -2.404584390111387804e-01 4.881511049992703910e-02 5.095424454682958570e-01 2.964201914909852520e-01 -9.045639360025038711e-02 -1.947283314533953258e-01
1.090809372064081711e-01 3.058802122002867718e-01 2.545308715832841906e-01 3.066410438418366580e-01 1.471757923260409440e-01 2.173876191789307355e-01 -8.688446050693698908e-02 2.485001255660846120e-01 6.406586677266365437e-02 7.688635799858123399e-02 -1.722079998202955542e-01 4.292412503602713314e-01 3.902771891253350445e-01 4.132791250867366983e-01 3.619553415337389227e-03 2.246241829513609400e-01
1.885452845332000749e-01 2.816443331733080035e-01 2.282238244188226906e-01 1.216315128778665267e-01 2.689853315286767077e-01 -1.088127291913343481e-01 -8.371630096682124156e-02 1.989354103547684993e-01 -2.412284709496156088e-01 3.550419945149705381e-01 -4.757171093997679401e-02 2.590861633881975656e-01 3.444763267551706476e-01 3.916277919984622047e-01 3.736730720865986677e-01 1.488866629094302285e-01
2.511689897800027937e-01 4.374182640697580893e-01 2.053958034528976725e-03 2.567088398698704754e-01 -9.929315555589401932e-02 2.452812191400854658e-01 -3.393891476227339221e-01 2.514328191774342081e-01 2.562023153540341283e-02 2.943950696131384381e-01 6.774120285633754290e-02 2.349966835058191761e-01 4.439875544758413173e-01 2.543687994877236735e-01 -1.228307259161152409e-01 8.483692192968865509e-02
-2.573169947159538729e-01 1.498626851302745783e-02 5.138939498765131564e-01 4.035225855816917950e-02 1.082007058002312366e-01 1.895890854762836142e-01 1.524169073668442120e-01 3.435119843687012842e-01 -1.072886060644842598e-02 1.243003955577146880e-01 -7.423115431145842213e-02 -4.129299887648950618e-01 4.062881387125935606e-01 2.035170061750808945e-01 6.237419053519643181e-02 2.774857988959804622e-01
2.269233035927933559e-02 3.770674620432246105e-01 3.034140889024950494e-01 1.590300618116381182e-01 1.694235975938586727e-02 1.996178448083199275e-01 -1.118259926890188480e-02 8.856894925690741993e-02 4.141158226939719439e-02 3.438311664595704586e-01 1.545868277871436103e-01 -8.990547462158902936e-02 5.039693243711205195e-01 4.488865068036572703e-01 2.116967227294287712e-01 1.990882475403876195e-01
4.402218396561619063e-02 3.966506541044070300e-01 -7.491742774183401954e-02 3.464289960415503078e-01 3.188972941670759065e-01 1.107604061622015218e-01 -1.328608377346356673e-01 2.452949720399030809e-01 -1.687999053899893187e-01 4.272024092043141263e-01 6.430236705536147845e-02 -8.643213801056447154e-02 5.145006788731301128e-01 1.221399098543718281e-01 -3.955693313376228842e-02 1.397325511432306877e-01
-2.685273638675736985e-01 2.139679579400743381e-01 -7.825753664179731228e-02 1.945542993112795993e-01 4.346697549495678881e-02 1.978988738390431990e-01 -3.109450427928645566e-01 2.589153014486201276e-01 -1.443628774350395327e-01 4.825041455754676412e-02 1.186063755613646908e-01 9.952604228424087596e-02 5.522182802496291565e-01 2.682298309056129759e-01 3.638084529297467284e-01 2.774298925222358214e-01
-9.421726799632840210e-02 3.486776305587183655e-01 -1.568176581958206917e-01 5.216018272755349600e-02 -1.638756006918545283e-01 5.639321707319075450e-02 4.043176542078206342e-02 4.807042667417286141e-01 -3.746025226521291773e-01 2.269803441677744060e-01 4.973140648555166021e-02 8.739545565272321959e-02 4.743121208067365702e-01 -4.389799616629064954e-02 3.845650453491431531e-01 5.234716258520372145e-02
1.477370961480320155e-01 3.641104445383626098e-01 1.793983955290227861e-02 2.625384157651839967e-01 1.724568116958511421e-01 6.499200427601110885e-02 6.086844412789257225e-02 3.300572648110692842e-01 -2.478559304882009262e-01 2.626521556374880051e-01 -1.253082003835535585e-01 5.715998398959737381e-02 5.073453608274031135e-01 2.932098800851570819e-01 1.606386266610158875e-01 3.334317855851425261e-01
-2.176832463711593502e-01 2.982358228356564167e-01 -1.440979482574717696e-01 1.772733256818638803e-01 -3.950795535406452230e-01 3.460130590885944768e-01 -1.023510965617853291e-01 1.512673668166383545e-01 -2.735683142526657563e-01 1.566098878254184867e-01 4.647520201855813438e-02 -4.310057544769844290e-02 4.944628309712272851e-01 2.030103149400900309e-01 2.945109019825507546e-01 1.627318638580475541e-01
-6.158527738168775856e-02 5.079933473804275623e-01 -1.247123703970450387e-01 1.007837438478633857e-01 5.777598862314872047e-02 -1.036222597907785481e-01 -1.992994929806798654e-01 -1.721368654538764364e-01 -3.974176148959839283e-01 1.727415655467446631e-01 3.544137277908392114e-02 -1.111470535267988086e-02 2.830905809438967746e-01 5.394171475691488249e-01 2.591455253507919942e-01 3.981045390362003555e-02
1.084480994595407588e-02 3.553434197424344965e-01 5.732768386901021529e-02 3.250720404891861426e-01 -1.377800105270141906e-01 -6.984102111669404644e-02 -5.659057799464669442e-02 1.552848450933169977e-01 3.422327190575630285e-01 -2.820277866683543189e-01 -5.926117863873285874e-01 1.130014185220328815e-01 6.786006868691739358e-02 -2.529347057831297652e-01 -2.177163830611707207e-01 -1.920308281702276521e-01
-5.079618902189399904e-02 2.318194102646612687e-01 -4.507086901137881407e-02 2.009291403125010034e-01 -7.539612152803894241e-02 -5.435693608733346283e-01 -9.551912255450388523e-02 1.203914307728405457e-02 1.332720111030910870e-01 -5.409861383849519090e-01 -4.721873406987938671e-01 6.118770183627432468e-02 1.335968293995305756e-01 -1.523831879237464992e-01 9.525742422651448105e-02 5.982942825977378976e-02
1.525482751413344551e-01 2.741544713711165926e-01 1.497435908828951001e-01 3.419799251724857103e-01 -2.020935238117690588e-02 -2.026956220377532647e-01 1.757144465974651015e-01 -1.117269037326684838e-01 2.911420638899466784e-01 -2.792945055840319046e-01 -6.143924957104399676e-01 2.367579482653013601e-01 7.515866861760699125e-02 -1.896772275428429411e-01 1.227348073483797292e-01 -1.560475579760371712e-01
-3.491360534599936144e-02 3.885584051364741609e-01 3.588998692256322176e-01 2.988150100590523106e-01 -5.418292215333831395e-03 -1.517747797386145153e-02 2.770647827355430040e-02 -1.159040657431635868e-01 1.609864815548249783e-01 -3.485078929607570708e-01 -6.402300757703822676e-01 3.232259846304096074e-02 -6.970297559379208530e-02 -1.610204602475687752e-01 1.615209977335111402e-01 7.344341017543470906e-03
-1.514688991633433013e-01 3.657201465383632111e-01 8.556365255066264788e-03 3.935305970845001666e-01 -5.297560644406006103e-02 -4.025596361044069815e-01 -1.585277771239030631e-01 1.551903307680972399e-01 2.404118699935907655e-01 -1.520395434909794508e-01 -3.571724638448861011e-01 -1.239910434659070443e-01 2.230526120201745122e-02 -3.542906957068270857e-01 3.323331660269805421e-01 -1.181780081105188313e-01
6.849268140241933367e-02 4.103447244334304522e-01 4.047702197389944079e-01 4.138925116818373273e-01 -1.256696388551330756e-01 -2.103926090469017407e-01 -6.196660897960040021e-02 -5.705029494841337007e-02 -6.527199392462644523e-02 -2.309638975423288221e-01 -2.845037584782014739e-01 1.359262933981685018e-01 1.394404748674470673e-01 -4.951422486240096288e-01 1.469466573320768639e-02 -5.271609116477920381e-02
1.574357528713477838e-01 3.321570822522951771e-01 -3.078966351768301982e-02 3.566874928168193293e-01 -1.265242399881675098e-02 -1.262838285420748718e-01 3.111750117754312310e-04 -5.868863283669589065e-02 3.205698071172146668e-01 -2.200575001183276980e-01 -7.160279584287959631e-01 1.238459627310768141e-01 -2.644907228895874637e-02 -6.929190261695603037e-02 1.799154516593538256e-01 -8.055346582754687942e-03
4.363288368583331280e-03 6.953361092303636005e-03 3.050957655027285512e-02 1.502836022414238970e-01 6.345583161060969202e-02 -1.299485385250308545e-01 -4.803823510289605137e-02 2.742593874869233006e-01 3.754847249213457694e-01 -3.442011877628489702e-01 -6.627092787077000224e-01 2.452673643521072894e-02 2.084240441968962798e-01 -2.597197472558104292e-01 8.056660223771798524e-02 -2.476755464944180307e-01
1.022029251409097422e-01 4.939032761030772711e-01 4.073052483161552217e-01 2.386311621060842048e-01 1.388761553818854480e-02 -2.540777272687159624e-02 9.684656059716006959e-02 -4.502875738330747168e-02 2.493383015510749201e-01 -1.601189241882494396e-01 -4.201603556162755715e-01 7.198113616818395399e-02 3.167280120615180161e-01 -2.668119267039307796e-01 2.547185010190454180e-01 -6.794139773005661298e-02
2.808576782075824368e-02 4.455821392245650214e-01 1.527594139106272231e-01 2.935798965000586125e-01 -2.619822373095715418e-01 -1.575908746351111223e-01 1.295744978132191971e-01 1.937134473915474164e-01 1.363434152395800458e-01 -3.654741408782273271e-01 -4.529531301522813913e-01 1.054904272760988915e-01 1.693408231126858621e-01 -1.339856704900688200e-01 -3.646889195215356066e-02 -3.562934588565083716e-01
7.292057505185092769e-02 6.075712205943582106e-03 1.106549184690762688e-01 4.400434009222002896e-01 9.675632147223650614e-02 1.592624829891394964e-02 -2.035844465888386190e-01 2.684825994381056513e-01 3.997620108208093659e-01 -4.698585041742378010e-01 -4.823203781895405995e-01 -4.741502315348224139e-02 9.441223068078351266e-02 -6.521115595869469983e-02 -1.586462657563925127e-02 -1.916829260450945427e-01
2.513024279076161438e-01 1.946182802314517513e-01 1.844876522909818795e-01 1.328073022335621023e-01 9.413466533595644991e-04 -4.585862462178949550e-01 -4.828204057378955583e-02 1.096978541249986616e-01 2.108548223775198183e-01 -5.218204243321659108e-01 -3.172631248326484577e-01 4.399777600714872561e-01 -1.899596733364523893e-02 5.414895288966257297e-02 8.219410584206067460e-02 -3.986072430894768703e-02
-1.855358960111185701e-02 3.564321020613430702e-01 3.202580577299385389e-02 6.159433657265201978e-01 7.587964206866357197e-02 -2.248242767011396914e-01 -1.191224822750441004e-01 9.600349679630047761e-02 8.474988013260066622e-02 -2.898309947535566700e-01 -3.433293033733310629e-01 1.555371828656745004e-01 2.291378994736013031e-01 -1.569605896741831930e-01 3.135610462026192091e-01 -6.145583265502225362e-02
1.839939215419282015e-01 4.157396106605049102e-01 3.163961987048916624e-01 -4.231887743361470444e-02 -2.439329487733949420e-01 -2.782735666064860627e-02 -2.323763099470197435e-01 2.524781109080359576e-01 2.598135710290735423e-01 -2.859820452667693469e-01 -5.151789937288228094e-01 -1.967901580991990307e-02 1.358983740279838259e-01 -8.710244679619548458e-02 2.487804437575112382e-01 1.017614130551935947e-01
1.224181101505938674e-01 4.467037161109783661e-01 2.118691441367197559e-01 2.284418485723943570e-01 -1.573061711381895100e-01 -4.212779859460061282e-02 -1.473538916726517545e-01 2.745266626555390443e-01 4.147568143174067412e-01 -3.824537609508912861e-01 -4.460407422757647899e-01 7.094429757607075004e-02 1.271000067790257343e-02 2.022765640137412779e-01 -3.383986600159136215e-02 -1.718495553751945432e-02
-2.134311584076099486e-02 1.986768864476008423e-01 1.654091437216310412e-01 3.496771664445624261e-01 -7.674170186556858453e-02 -1.835384665225572309e-01 -4.098685327417368462e-01 -2.500170433550368276e-01 4.091622288643324001e-01 -3.404890652175472376e-01 -4.308713632539337701e-01 7.714749896342221192e-02 9.665953210886592609e-03 -1.727031519174324348e-01 1.882686251067850203e-01 -6.926844583740964130e-03
-1.600958654652815116e-01 1.062986808271657729e-01 6.843516230296561864e-02 5.227184146927175146e-01 2.655969170723803119e-01 2.025896321455766813e-02 -2.617815279509428938e-01 2.089386044664832409e-01 1.914896481270310646e-01 -2.184170040335756402e-01 -5.397054245687030738e-01 8.474694598316644123e-03 1.476590985322097094e-01 -1.691473738158530693e-01 1.579387731332190792e-01 -2.256727648614362813e-01
4.977550815195423695e-02 2.682599591976249087e-01 3.401590997684603244e-03 4.066267318156087107e-01 9.860815793159270759e-02 -2.361568728750159385e-01 4.993439566407515545e-02 -5.725795608160719197e-02 3.974680828086009643e-01 -2.499070390712878342e-01 -5.922777927311806412e-01 -1.236782689145120157e-01 2.482905955914450555e-02 -2.081897152785725236e-01 -2.328717335456481907e-01 -6.499370265913483047e-02
9.748884922069793457e-02 3.791223201623785122e-01 2.470564604652510932e-01 2.533741857037377088e-01 -1.157475137243326735e-01 -3.514828850148132289e-01 -3.025797666670068664e-01 1.156262362689295109e-01 2.945343003976829688e-01 -2.797689099616395558e-01 -4.524915423096834699e-01 1.088662652053200980e-01 7.325035227996007370e-02 -1.398666491037718618e-01 -2.552927173101363426e-02 -2.691905958290321532e-01
-7.652348339998950311e-02 2.942889218062457179e-01 6.267475962719049054e-02 5.327140393688610531e-02 -5.224561468809971881e-02 -1.304213177386897571e-01 -8.598132585401735417e-02 -1.149974025493010477e-01 2.087451572665149635e-01 -4.720397686776108825e-01 -6.740481239008521142e-01 -5.238928033009798702e-02 1.860435763512330032e-01 1.090247601006728850e-01 1.494978268570807955e-01 2.609327478114371601e-01
1.671749881365301171e-01 4.485547412056045680e-01 2.420284000466627061e-01 2.490330352436441463e-01 -2.662227392884403132e-01 -1.518307782737099709e-01 -1.648337861820677319e-01 2.288946444406133596e-01 3.216656096329540970e-01 -2.844556539638100068e-01 -5.110106421011527678e-01 3.069174740624326225e-03 4.771725090747230141e-02 9.822802685213716765e-04 1.519878255390836597e-01 -7.656775599448746583e-02
1.921727076875317519e-01 2.044608370608699544e-01 2.932360777689813625e-01 3.559161329948263841e-01 1.978032497007845836e-01 -3.065287350005185263e-01 -2.581649997629574880e-02 3.402146714170182218e-01 2.754809908869577662e-01 -4.821112395664205463e-01 -2.605454879107556576e-01 2.281175581327664070e-01 1.586916733842598792e-01 -2.469412141872646960e-02 4.790686394619780852e-02 -5.265653333366595440e-02
1.187957611609363473e-01 4.948793620982492314e-01 6.822800276485622983e-02 3.895596938027792722e-01 1.397940297607782323e-01 -2.267700437101352606e-01 -5.129780239491676247e-02 -2.484688551485354779e-01 -1.130732320510912103e-01 -4.697077878173369636e-01 -3.588762405141294187e-01 2.757155636261088838e-01 7.320397409755642626e-02 -1.710422333129315089e-02 8.915004137962950770e-03 7.267644294972333552e-02
-9.564512224897495085e-02 3.638935025798530343e-01 2.110710246761260955e-01 2.376430395339670376e-01 -1.012674463068549413e-01 -1.600114344436907865e-01 -2.684391528979886976e-01 1.960711425305880218e-01 1.076147475329308489e-01 -1.905552115922047318e-01 -5.762852606099387875e-01 2.062360652289885743e-01 -5.278650693046043479e-02 -3.786251314740680662e-01 1.564920720703460721e-01 -1.337262062193537437e-01
1.489443764004184934e-01 4.633196523194857419e-01 1.985685056525164083e-01 4.341797520895728235e-01 4.254496560410875663e-03 -6.974455242211702322e-02 -1.592066985762201695e-02 4.383385214950470676e-02 3.105392737043027318e-01 -3.230391187781168072e-01 -3.990720216210353888e-01 3.352604009310754529e-01 1.293000472215154184e-01 -2.403871151016575766e-02 8.673216127718237634e-02 -1.757439301535362874e-01
1.885775304018358911e-01 2.021445190242578682e-01 1.904389736702776781e-01 1.985297525306801425e-01 -2.552195657074830537e-01 -3.510106081927168997e-01 -1.222333279150303043e-01 9.914621268873402560e-02 1.116877169830903654e-01 -3.434401122113936444e-01 -4.969982758516304777e-01 8.871083439521491865e-02 1.963132029760779884e-01 -2.869295698144765962e-03 -3.209978654480655225e-01 -3.284657061461233041e-01
9.373044952087085380e-02 2.588511941145507644e-01 1.890768897566795503e-01 3.647121636844457004e-01 2.151894348219322572e-01 -4.163564067384019074e-01 -1.009346159538878213e-01 -1.660206381223106598e-01 3.635774421881017848e-01 -5.009391082091254610e-01 -1.095646850917074838e-01 1.197934577465911976e-01 -7.766947488937377131e-02 1.082078770244414984e-01 1.047045650310877013e-01 -2.446382084418543268e-01
2.304782486120132146e-01 1.645899780480619135e-01 3.190800548809563653e-01 5.165902926692531594e-01 -3.281742041039769492e-02 -2.605929653573716975e-01 6.932358043149959570e-02 1.636508331351996526e-01 3.368200306300354607e-01 -2.714030634864462721e-01 -1.904769036823930617e-01 -2.459011523640261890e-02 3.742143330555738195e-02 -3.315610684152913712e-01 1.872617994483203596e-01 -2.831001689772331686e-01
-1.861826082783267222e-01 3.515979301965537207e-01 3.312198074503250322e-01 3.355053809601734605e-01 8.977237152957254218e-02 -5.909367595118818900e-02 -7.505022361304629352e-02 1.693742351376553157e-01 2.920485655151451310e-01 -2.266953788888873833e-01 -6.154112883520990174e-01 7.976827921709821190e-02 -1.560671684322825215e-01 -1.555155644878845334e-01 5.695146194551390512e-02 -3.238676820963082899e-03
3.695028005187880188e-02 3.806380707251922901e-01 1.024667202748482525e-01 4.430703059795125243e-01 1.187225695089728222e-01 -6.748824090038565982e-02 -1.389863581804409720e-01 -1.780357053161972514e-01 3.071145355470102367e-01 -3.661066864578736979e-01 -4.967742349330286911e-01 -1.764524440458392907e-01 1.510676317847948757e-01 -3.299170240435951584e-02 2.152310670580385998e-01 2.769722859199909987e-02
3.317885842577722455e-01 2.927703336316939131e-01 -9.896914266406252325e-02 3.569670752067637953e-01 2.662691412700621818e-01 -2.978945756034717673e-01 -6.892379139689006062e-02 4.544024693824420119e-02 1.002780262055398830e-01 -3.114127247578694080e-01 -5.211065544074148237e-01 7.014801390745989407e-02 9.620656734409066546e-02 -2.231757752351162805e-01 1.948672522588476286e-01 1.413612940444070043e-01
-4.806898810979148146e-02 1.144538961524416421e-01 2.074332093684388978e-01 3.016288159851808204e-01 -6.423745058994752288e-02 -2.974312176141320485e-01 2.803858039012094294e-02 4.030064170489774389e-01 2.465343838006418542e-01 -4.273195483838494457e-01 -3.259983072733877441e-01 -1.135397445853939397e-01 -2.685068802630946605e-01 -3.590612835236116629e-01 1.720625280032668791e-01 4.019021303448620103e-02
-2.030880641933410502e-01 2.486179904582348499e-01 4.356259452355846773e-01 3.720034540632335407e-01 7.426836627081061237e-02 -1.367579056635237766e-01 -3.053585008475155349e-01 1.251901434468917496e-01 1.704326790513948642e-01 -2.602682049494126071e-01 -3.092499258770528003e-01 -2.272393947664221731e-02 5.006921668213788756e-02 -1.057094600761015676e-02 -3.135642340805704364e-01 -3.765275116502299624e-01
5.817375046367122271e-02 2.700842589675802041e-01 3.303171489942857697e-01 4.170131380166280932e-01 -8.202346916151237455e-02 -4.181348984114106881e-02 9.144245360057712269e-02 6.702255563757865409e-02 3.524067474101305608e-01 -2.225289504519001871e-01 -4.486963587318045232e-01 2.464887724837432070e-01 1.102643617117300273e-01 -2.675578929543375728e-01 2.304718728963588703e-01 -2.160403722796141179e-01
-2.413311612086808597e-02 5.321980636202542359e-01 2.190991741539700666e-01 3.300929935192105091e-01 1.445801627510866494e-01 -2.843307770268727053e-01 -1.047184980574764057e-02 -5.246524543145181935e-02 2.709236001917111891e-01 -2.537256828793539865e-01 -5.263935759442621709e-01 4.106077631501011543e-02 -9.214404958880646757e-02 6.179114907301968412e-02 -9.436368073791441546e-02 1.297752896207272078e-01
1.159485627316345496e-01 2.055073312596377710e-01 -1.101802368659790393e-01 3.681142550660899682e-01 9.291241163086504107e-02 -3.355282174947756269e-01 -1.115991730982393432e-01 2.149659501891573385e-02 1.997031402008553058e-01 -3.602835078667069313e-01 -5.521480221034029690e-01 2.610712918014828077e-01 2.036462499987335972e-01 3.346140227474266732e-02 1.714703057305878020e-01 -2.187276021125460213e-01
1.253238241426974375e-01 2.886246621135992174e-01 -2.828110085859241243e-02 4.106574877425852449e-03 -3.266058890481948196e-01 -5.854701195374815287e-02 -6.001309338013602335e-02 3.180293957650817127e-01 3.466373331106386568e-01 -3.721526410257210427e-01 -4.267467080047664951e-01 2.386039267545387588e-01 3.113518420099553041e-01 -1.403445233180331819e-01 -2.221349785470244295e-02 -2.655184019277540552e-01
-9.654177421089429889e-02 2.617918021136634299e-01 5.196235574320866302e-02 3.566611289490725922e-01 1.334428358166785955e-01 -2.164089644429031400e-01 -1.075886876457336216e-01 -3.531124492056827296e-02 8.033357373687666225e-02 -4.454070139723620425e-01 -6.365268266189133550e-01 3.720776752241070767e-02 5.670964509468097436e-02 -3.076131545963222136e-01 5.641836436197977117e-02 -4.856822121570378986e-02
-5.715724388136814854e-02 4.520155106378757059e-01 2.126571086215075790e-01 4.488224211539431074e-01 -3.871424980170971863e-02 -6.095489685029380211e-02 1.761221030357860429e-01 1.631386413722277773e-01 2.966349832357583760e-01 -2.104096223159161727e-01 -4.751837251582481936e-01 1.708946443888703648e-02 -6.787707720836681780e-02 -2.701743338327400323e-01 -2.506381212580321288e-02 -2.152140890359645065e-01
1.122844741100839649e-01 5.605699131025317916e-01 3.761685885945268981e-01 2.795972706238648575e-01 6.959516669736720562e-02 -2.115713116195662713e-01 -2.796299304131014685e-01 -8.072567213051691851e-03 1.762612406656774156e-01 -1.068863039636014228e-01 -3.040296370135822657e-01 1.381614144329129934e-01 -1.487894796995194446e-01 -3.460597569865677126e-01 -1.660124098293640493e-01 4.627168368775900348e-02
2.743883192548523531e-01 3.129723292544963065e-01 1.264647696955987499e-01 2.233689308846894261e-01 1.330640569281502095e-01 -9.368343801939177720e-03 -1.573472424429650518e-01 1.523789305452192822e-01 2.595027825511266317e-01 -5.164446871288642660e-01 -4.307323261469344078e-01 2.219082096593322506e-01 6.396914758070276763e-02 -3.001970505326823080e-01 5.902049406880151283e-02 -1.690470727344516866e-01
