-4.366888617809748796e-01 -2.024409551710661392e-01 -3.555600694921648985e-01 8.944618799174416934e-02 -4.315307879684113779e-01 8.482238115970387737e-02 -2.437306489217985206e-01 1.115461178272205006e-01 3.111064138839343407e-01 -2.100344576893027962e-02 -3.334117405175425763e-01 -1.443444703291629216e-01 -3.752995001638867456e-02 -9.132524691616952794e-02 3.413261763874563814e-01 -1.147025469755722782e-01
-2.587028104470158185e-01 -4.920024915876891614e-01 -2.119691010993020874e-01 1.919266698724357012e-01 -3.311173512322888590e-01 1.812099691032058590e-01 -4.500596534920159320e-01 -8.541994490725264913e-03 1.875623713386898594e-01 -2.987323265948883533e-01 -2.690199460448380875e-01 -1.480573076633190247e-03 8.787407845266323458e-02 1.994311715406089924e-02 2.243417956535294633e-01 -9.430723579917719979e-02
-3.556845102170743123e-01 -2.595018445101067717e-01 -4.483779636772319832e-01 2.559553308008263861e-01 -8.741652914830862209e-02 -1.483167697257112977e-02 -2.596136945100585014e-01 8.816342202024526897e-03 1.929930674226442155e-01 -9.193928743014181948e-02 -4.565848900536518817e-01 1.175738241421838380e-02 -1.337376480349508345e-01 2.248980275302847887e-01 3.001933651054969898e-01 -2.266377582805905733e-01
-2.363014973766429938e-01 -7.363008979220413142e-02 -2.079042384548485389e-01 2.192020359395039364e-01 -3.709400608938119848e-01 9.698282481454557555e-03 -1.675192585833633618e-01 3.481467520710367913e-01 2.075874827470348682e-01 -3.416899456654908795e-01 -4.501860075061654420e-01 -8.703753568117439388e-02 1.474617755149850162e-01 3.037428828438865636e-01 2.488852571397330571e-01 -1.202951270106979165e-01
-4.578168517877613253e-01 -1.046897907246172321e-01 -2.571123013143304936e-01 2.464603147423016505e-01 -3.081712162511248132e-01 -4.650354111400569618e-02 -3.759928544180956428e-02 2.732595675289573589e-01 3.332905913746328497e-01 -4.822514873106244493e-01 -2.568623107462320587e-01 -8.733667059060407079e-02 1.295029359690378079e-01 -2.292309917555882676e-02 1.733589933971453612e-01 -1.215438390765821997e-01
-4.088713581307832912e-01 -3.392953055185629618e-02 -2.070050856284706697e-01 1.958121420169970095e-01 -1.651653866518312530e-01 3.330256296589415715e-02 -3.239024734074800183e-01 4.143410114940327370e-03 5.433416508698422076e-01 -2.308959876541448186e-01 -2.577367793278450558e-01 -6.858475499983431034e-02 -1.658680830427546882e-01 1.132402113125129117e-01 3.652698587508914629e-01 -1.540713937788946164e-01
-3.127575402087083289e-01 -3.464537187964000786e-01 1.000968459431347685e-01 1.244132178716186171e-01 -2.729902692946626352e-01 -9.340453272210941238e-02 -3.746244022323298450e-01 1.906265982676412230e-01 3.632033068472448889e-01 -1.628927389057725494e-01 -3.293150373779699658e-01 -1.387542070535097982e-01 5.530113411830923226e-02 5.966376531428527197e-02 2.372474291849776817e-01 -3.842763908383479698e-01
-1.965525341649955737e-01 -1.209438614409987373e-01 -2.815729743620213887e-01 -1.994730691873455308e-01 -3.382137605856587736e-01 -1.207890372424661463e-01 -1.679621116771002898e-01 5.296006029792166281e-01 1.865502070904903609e-01 -3.484264295595346228e-01 -1.685642770564706461e-01 2.770611266714425799e-02 -2.777550003490437125e-01 -5.886392812498326965e-02 2.579054781466245116e-01 -2.397679936886553398e-01
-1.903190164321939826e-01 -7.064570443687438750e-02 -2.799223386625744880e-01 2.503145470964110997e-01 -2.765414160728290605e-01 -1.853431766107058454e-01 -1.140268512992168165e-01 1.646047181327762454e-01 3.843370118589059525e-01 -5.238595366408398402e-01 -1.890737763227183788e-01 1.570051233951976766e-01 -4.762148772722752527e-02 2.423204094044705548e-01 3.413912998183663006e-01 -8.228987368780601996e-02
-2.608549707022463915e-01 -2.524066067439565964e-01 5.724971478084483166e-03 3.356783690944257770e-01 -2.472262341708059141e-01 -3.630969698389034384e-01 2.619399124679199636e-02 2.544285377619181499e-01 1.277195824637406552e-01 -1.444324667544282514e-01 -5.203458413955793782e-01 -6.570010532877931797e-02 -2.433825206669308350e-01 -2.895268773846215379e-02 2.372329239221485642e-01 -2.618215472426736468e-01
-2.035699048130745481e-01 -2.641207859124308222e-01 -3.763231794538471897e-01 3.248163100417708615e-01 -3.983087665754780904e-01 1.355765470373563875e-01 -1.500806653595285478e-01 2.975236993763388793e-01 2.751515993524701886e-01 -3.237697866684480785e-01 -2.580030743930494253e-01 -1.715567898020597115e-01 4.749177288229122773e-02 2.861242907268055774e-02 2.262148225610329522e-01 -1.510609835560771386e-01
-4.437410367975438419e-01 6.600880260869185223e-02 -1.756234719397770094e-01 2.683403997582067269e-01 -1.223661624374505347e-01 -1.233328060217915578e-01 -1.272232402643355131e-01 -6.075517446832820467e-02 3.170264582755802918e-01 -1.466281173446103148e-01 -5.647908800932851525e-01 1.520888922190836712e-01 6.066596657990059455e-02 -4.258655417848336566e-02 3.623634111189807938e-01 -2.118928694673507807e-01
-3.414163929866998459e-01 -2.538734408736017523e-01 -3.716782480069163452e-01 7.903984312076742236e-02 -2.323799569145575117e-01 9.252964038479119871e-03 -2.284812438039988680e-01 -1.571814272817006752e-01 2.587930784801720230e-01 -3.656350371742435046e-01 -3.095927904023145771e-01 4.992636634149864513e-03 -3.516745594682200993e-02 4.156021135689127316e-02 4.751449768024538778e-01 -1.353999775869490496e-01
-4.930279553575074858e-01 -3.192039764899422538e-01 -2.086764030921338664e-01 9.484446888263692310e-02 -4.073100629842068554e-01 3.530907685389253481e-02 -3.137350129540783517e-01 -1.739716692059279923e-01 1.916098113406630443e-01 -1.804059821779150086e-01 -2.918902962115124122e-01 -1.137547497312141470e-01 7.389011686934991718e-02 1.173549069516904297e-01 2.719021686830942475e-01 -2.146706421013929167e-01
-2.524806569303199577e-01 -9.646544991478203657e-02 -1.696688761887581720e-01 1.344505133614665726e-01 -2.513804675911223696e-01 -2.612981620242990632e-01 -1.763264780013960031e-01 2.319884186515132340e-02 2.940937544629980693e-01 -2.339751155846474528e-01 -3.081687973822428983e-01 -3.051475772759938421e-01 6.149681957039618979e-02 2.282790384705053743e-01 4.542561145021363767e-01 -3.541539865331141401e-01
-2.870420760829278661e-01 -2.244039277859468939e-01 8.487380627245925957e-02 1.683845197192889165e-01 -1.408175926140280143e-01 1.442595686064760720e-02 2.600678116692322836e-02 -1.671235146985505793e-02 4.100589465640483433e-01 -2.792631943095037483e-01 -4.006396189002789932e-01 3.403745240850324788e-02 4.782419768488201800e-02 1.214376625922727743e-01 5.458786013400404036e-01 -2.964368826031560933e-01
-3.115262005550838431e-01 -3.191727621573659524e-01 -2.329666711925494904e-01 9.921850654371108802e-02 -1.602877195888608441e-01 -1.793516540028658179e-01 -1.559634093311081937e-01 1.257846352800784384e-02 3.618091280268583287e-01 -2.349927482120884592e-01 -4.746104091012865456e-01 1.629168346568808379e-01 -3.179540954803471431e-01 1.746334672047269165e-01 2.345243542637708845e-01 -1.735013572757789224e-01
-3.751649220744115998e-01 -2.313068969851707068e-01 -1.132700197800179387e-01 9.524870935239650171e-02 -3.943295226316110291e-01 6.558421073314388283e-02 -2.453200751851625228e-01 3.758874176488684327e-02 2.254732981966884597e-01 -2.294997305784709507e-01 -4.176372855054433786e-01 -1.735121943959969382e-01 -6.063328267100548397e-02 1.183237664058297695e-01 4.533687020614926566e-01 -1.766303078988585018e-01
-2.708152026406545065e-01 -2.487017883806960095e-01 -2.969636606329709161e-01 2.968849111225257964e-01 -1.201974321712378779e-01 -5.213672705045249017e-02 -1.297596962785282915e-01 2.179779129065815280e-01 1.798894856964071698e-01 -3.471592056179779728e-01 -4.919696502427168827e-01 -8.543814853631691297e-02 -8.279286089791969283e-03 -7.619741619071537797e-02 3.754484791054500392e-01 -2.406473802373735871e-01
-4.681559349381104740e-01 -1.982627873553661213e-01 -1.863917429806217774e-01 2.031530534734122262e-01 -3.009223047259124706e-01 3.802491457023684379e-02 -7.531022594213233889e-02 2.335575866761211705e-01 1.860682899592184525e-01 -5.176855984618721207e-01 -3.021933523371884145e-01 -1.722715149468090623e-01 -2.171805189934339006e-02 1.132085004680151025e-01 2.409370911278677918e-01 -1.353932569613889580e-01
-2.529540724399155227e-01 -3.383065251145841446e-01 -3.575147510826478525e-01 2.888398848728899737e-01 -1.270162983559134096e-01 -3.177770276212624895e-02 -3.776892718504898383e-01 2.253133953727049499e-01 1.030461829520113726e-01 -2.039094750508653117e-02 -3.846572127025277288e-01 -1.072097658365643580e-01 -1.690271851903900613e-01 3.014029845045754219e-01 3.136707431537525403e-01 -1.070826133013950410e-01
-3.468620378112127201e-01 -4.244911358581020533e-01 -3.680232586471011286e-02 1.862920869325656315e-01 -4.173453645225240205e-01 -9.867991512258096620e-02 -2.872500351556080411e-01 2.185923320968325145e-01 1.968183151930843200e-01 -1.795741018780036280e-01 -2.935724894817552388e-01 4.709337451275771164e-02 1.378590603666660780e-02 1.936890952191234472e-01 2.411531025779461990e-01 -3.065575716172515008e-01
-1.558570985262660580e-01 -2.841314773136828786e-01 -4.127789057821884544e-01 2.515760960112656819e-01 -3.322826718562219006e-01 1.591787760304397836e-01 -5.414498393468059056e-02 -9.736603770556424842e-02 3.812847606446517768e-01 -2.851847475036240476e-01 -2.483009679401477765e-01 1.787652197347932848e-01 4.245211365369268297e-02 2.173385151656756220e-01 3.061254507173999939e-01 -2.237624697684231778e-01
-3.756141112341687127e-01 -1.707640568885424315e-01 -3.814195079292994062e-01 1.600520696261247822e-01 -1.877392772390961417e-01 3.376073836949324350e-03 -5.245261126760297071e-02 1.480509476426830895e-01 2.297473810910965752e-01 -4.567416148517525198e-01 -2.244368371186991340e-01 1.039921031658537082e-01 1.038141241796498582e-01 1.431987632576726399e-01 4.703089233309228900e-01 -1.538558477987949924e-01
-1.434478229174424302e-01 -3.770813059014794799e-01 -3.936574628563251355e-01 1.560227093342554106e-01 -2.445310299498535123e-01 -1.596546396028505552e-02 -3.290652131318299034e-01 5.300733708214053902e-02 3.364510375430288525e-01 -3.560709612825231907e-01 -2.508601558904169360e-01 3.783016010245455335e-02 1.970427911207776051e-01 2.328223287000240616e-01 2.448213275489239948e-01 -1.716442960531826267e-01
-3.217603863053445368e-01 7.237199786895649745e-02 -2.087200874693122821e-01 3.665131749830381480e-01 -1.914341456546066744e-01 -1.186403174912278730e-01 -2.420133119503571628e-01 2.569205954672392767e-01 5.947819772035822100e-02 -3.995461836880397910e-01 -5.218601784968308621e-01 -4.669171438556491208e-03 -1.171606795942404522e-01 1.132909379021553448e-01 1.938773862927342939e-01 -1.958336397316713662e-01
-4.585896270686026788e-01 -1.384432348905051124e-01 -4.628561231137965915e-01 2.412693051199386041e-01 -1.425625526805054111e-01 -2.761088342589758104e-01 -3.619707087981824944e-01 -3.996585155053661298e-02 5.938306283788370721e-02 -7.831665738291107570e-02 -3.480186024497983754e-01 1.355626470819779883e-01 4.705475267785867027e-02 5.290576753223187600e-02 2.528554651955328136e-01 -2.253864261282542414e-01
-3.712091514623537813e-01 -1.103517170479587084e-01 -2.292218244361429735e-01 -1.382809606043021722e-01 -3.232385020565846090e-01 -1.425923019172428696e-01 -3.027832331867166826e-01 1.489752601839851309e-01 2.645359740159813899e-01 -3.094219273160540573e-01 -3.810868116649275272e-01 8.380144204058720403e-03 -1.075154330783595208e-01 3.079582076705631444e-01 3.486732776264427347e-01 2.618227035816227469e-02
-3.596268044302969313e-01 -3.393132782431670935e-02 -3.023407440888463138e-01 1.002965253039859034e-01 -4.713503558726542253e-02 7.171364448393285906e-02 9.559142062819799002e-02 4.111962702742851805e-01 7.472132685801101924e-03 -2.096694181978933924e-01 -5.286369508542262396e-01 2.825207788714022006e-01 -1.791879571584393815e-01 2.603093558336002766e-03 3.657847445431423594e-01 -1.151414947308132680e-01
-4.711331592792111223e-01 -1.959438719772120807e-01 -3.462194920295655343e-01 5.649744041682715906e-02 -2.158237674975249654e-02 -1.530187389167938783e-01 -4.632537316085127976e-01 7.095800953867512084e-02 2.482902622462111186e-01 -1.452234436113404858e-01 -1.851460880424416755e-01 -1.997127772859742523e-01 1.499529376417799431e-01 2.355412877192318288e-01 3.067926429260389165e-01 -2.099299352256472906e-01
-4.077335497198201208e-01 -3.149441110145567713e-01 -1.443354735669266919e-01 -7.076337217853316368e-03 -2.151781341591511854e-01 -8.550410234556089784e-02 -3.546927373588400489e-01 3.919560436164419570e-02 2.756118382997543304e-01 -4.041837357339780890e-01 -3.813312495377426115e-01 -3.596822149174737620e-03 -2.059654679206820715e-01 6.177477852688082610e-02 2.309460617175950470e-01 -2.199957370274911450e-01
-2.942239710782020290e-01 -3.162438947980963921e-01 -3.596270310688479133e-01 2.561605111044669772e-02 -2.489629961027688132e-01 -2.312903273442476759e-01 -3.092841762402338546e-01 2.306216130424071642e-01 2.773832286984734274e-01 -2.905965419494627167e-01 -2.924246942098429614e-01 1.484683653963122241e-01 6.558677169438004162e-03 2.827942378590015543e-02 3.385163623790226062e-01 -1.863719897197773367e-01
-3.512531998140051570e-01 5.445005370660894496e-03 7.800340489125560939e-02 -2.283722108733406489e-02 -3.229740914330018753e-01 -5.977534772826289394e-02 -2.813564836642915012e-01 -1.671782245893056393e-02 4.644782270806037117e-01 -4.268103805221671321e-01 -3.603053808078817144e-01 -3.476471979237943932e-02 4.011338677120646068e-02 3.358758774424117077e-01 1.498726875783657486e-01 -1.297689115770884472e-01
-4.689478753906686226e-01 -2.377651932613899233e-01 -1.071340731121016576e-01 1.504807736667144735e-01 -1.237945916694308257e-01 -1.161944973089454047e-01 -2.271060277186425225e-01 1.221438301362845480e-01 1.388585050327459658e-01 -2.273674860016517696e-01 -3.853924248674028274e-01 6.211335123743921827e-02 2.857876614254953318e-01 8.413706917932143453e-03 4.022466620989152974e-01 -3.566512333672934854e-01
-3.322797769020839342e-01 -6.491847838720886388e-02 -2.489408277729381891e-01 7.625979722367289861e-03 -1.325497177413084426e-01 3.488431721667065166e-01 -6.696385189020073736e-02 2.243100523754459341e-01 4.019598796789269901e-01 -2.582113724213320749e-01 -2.816063586652657325e-01 -1.900298781291272221e-01 -2.090373530514805511e-01 3.234695516106673163e-01 3.094761574995444908e-01 -2.037716732943158360e-01
-3.718005983161641326e-01 -2.882666021055605987e-01 6.440325286801243561e-03 2.904720000289595649e-02 -3.410112369683581113e-01 2.612974469585713569e-02 8.486461601321092230e-02 1.791847046235023055e-01 1.855012424902232337e-01 -5.416281599583202544e-01 -2.681494811189980565e-01 -1.484615931701087355e-01 -2.982243739338540922e-01 1.801797024858993179e-01 1.592810520838922883e-01 -2.302415154147089416e-01
-2.603116089939027655e-01 -3.366678213776255757e-02 -7.339182359628169949e-02 5.006244340408114862e-03 -5.895095298962234331e-02 1.934860432237465733e-01 -2.936458947958061061e-01 1.297638554013161305e-01 2.235501819263793211e-01 -3.675900565224823335e-01 -6.001772902631558049e-01 -1.602252955414382729e-01 2.434857808905311130e-02 1.248239333244881427e-01 3.181447605226774833e-01 -3.055197922630043528e-01
-5.858487917864492189e-01 -3.744863727250279939e-01 -2.792705756691122310e-01 5.312370246859744738e-02 -4.909227373678887174e-02 7.829123757747329104e-02 -3.778558593763551438e-02 1.463325096169312001e-01 2.890278283908313123e-02 -2.377524969054493342e-01 -2.143038461184402776e-01 4.475899056466811077e-01 -9.090204906606234869e-02 6.681959058312836666e-03 3.038607781117890205e-01 -9.097153127892710495e-03
-3.349272963744718834e-01 -2.787470428345745765e-01 -4.290726582611997242e-01 1.100945126995253459e-01 -3.320782804958467005e-01 1.737175762476512661e-02 -1.907617250228711703e-01 9.376164828130555129e-02 3.119861809290343513e-01 -3.186404678338004004e-01 -2.182541777316330811e-01 -6.156872971574585407e-02 -2.178889023613030194e-03 5.415640498003713305e-02 4.286700326453996013e-01 -1.454380268159315426e-01
-8.146726411490740061e-02 -7.575459868244273365e-02 -1.918826677871542097e-01 1.840888231263002328e-01 -3.352228043287523440e-01 -2.208913159477342292e-01 -2.730165249395358207e-01 2.222045702519254429e-01 4.093253406101949321e-01 -3.502125484165054536e-01 -4.164056358634519728e-01 1.569520102123094230e-01 -2.832919806721204692e-01 1.908697628819018000e-01 1.635284136071194494e-01 1.362612746678225004e-02
-2.468774501350652073e-01 -1.375690625106008591e-01 -3.600848740567733630e-01 1.889540392114365808e-01 -1.002984491540281214e-01 -4.235299996257015781e-02 -1.806530937297139705e-01 -1.036282995777387944e-01 3.445362913628248203e-01 -3.474063479687454770e-01 -3.047863438165685501e-01 -1.663424613272717623e-01 1.031731731666964275e-01 1.436158190231149323e-01 5.100882800559372043e-01 -2.193453780275167742e-01
-4.572652985058910380e-01 -2.215732663887318710e-01 -2.800115925677961748e-01 3.217378163808815028e-01 -1.868562439186358670e-01 4.263596368848455997e-02 -1.164373301495274793e-01 -8.137416259836678656e-02 5.021760430743672510e-01 -2.996209805966765227e-01 -2.434868547420055707e-01 -8.047926281908482360e-02 -2.310868294963302205e-01 6.846778351348828395e-02 1.794762511306720598e-01 7.044556172575063002e-02
-4.736045796761327864e-01 -1.398847444816933017e-01 -3.212494542009969867e-01 2.769357303530013970e-01 -2.866843695104868139e-01 -4.024933467183398894e-02 -2.406065777444967857e-01 2.563469275169092954e-01 2.630236144721288527e-01 -1.052115183631571749e-01 -3.613466948532894074e-01 3.909111783461096182e-03 1.694424249309982866e-01 9.604948008535048320e-02 1.807943165031273558e-01 -2.955718480547078753e-01
-2.696693369666384732e-01 -4.020270514665352790e-01 -1.340373156303139024e-01 3.507874280716063997e-01 -9.973265994027870340e-02 1.384269783403770798e-02 -2.457804101314625955e-01 6.649387270571950614e-02 4.243501639006990733e-01 -2.640282625590198440e-01 -3.306890480158505286e-01 3.409338498646126148e-01 7.122178748814721183e-02 1.107175861695386954e-01 -1.385148355333728175e-02 -2.382630816351483383e-01
-2.667792783782440558e-01 -3.794337426082138864e-01 -2.129455582034457117e-01 1.525493244809854598e-01 -3.262075728307132771e-01 9.293630290801287164e-02 -3.201804528824875318e-01 1.707674308963219034e-01 2.312388240852437660e-01 -1.561589002916363433e-01 -3.431319814169619398e-01 -2.277989864943821274e-01 1.221335618288499070e-01 1.070105282981309164e-01 4.344424331627000924e-01 -8.318143398171161385e-02
-4.406884249383501428e-01 -5.268340168651360761e-02 -7.305554991452013758e-02 3.817839122546216046e-01 -2.616910692754479406e-01 -5.730035942915538000e-02 -3.416049576039582175e-02 8.405351673947172864e-02 2.543374972834994696e-01 -3.510323030484947537e-01 -5.550819630410286365e-01 4.313835364418033835e-02 -2.638895199141106859e-03 2.450374235601885178e-02 1.918685828884766631e-01 -1.913518444977698463e-01
-4.056938109651223034e-01 -2.123398763424607649e-01 -2.811499564644180382e-01 1.446147196410903502e-01 -3.738598817744550051e-01 7.957286784749305342e-02 -1.271589335844441615e-01 7.811617266053531849e-02 3.531782364804872953e-01 -1.482557235519582350e-01 -4.262530157109008511e-01 6.297656816197923224e-02 -5.649599514939882688e-02 2.320464501986949091e-01 2.812715204744586917e-01 -2.312307972698951219e-01
-2.652021331667898107e-01 -1.237149887501446249e-01 -2.334862046020153015e-01 1.623178372687745785e-01 -2.927855372688119573e-01 -9.319255267999995707e-02 -6.769997285249870766e-02 3.403082363224867457e-01 9.551246150555478542e-02 -3.991883975604729740e-01 -4.421108442247486670e-01 -7.242211293765427049e-02 7.827104610549021069e-02 9.400247283824492150e-02 4.556444125677626689e-01 -1.641423681129290935e-01
-2.780441608555691557e-01 5.518900683893879222e-02 -2.072564473581968089e-02 3.061555042321877917e-01 -3.767188547389348496e-01 -1.416675785554002802e-02 -2.050202208841300222e-01 2.447048463714259769e-01 2.824651305867622031e-01 -4.703417298175945893e-01 -3.234004543764404382e-01 -8.844390738752656855e-02 -6.795326396282296011e-02 9.065838112508234348e-02 8.288154340248519991e-02 -3.851354538673574246e-01
-3.913105195691873872e-01 -2.213265414706819811e-01 -1.811388162072775643e-01 1.828796891893397225e-01 -9.028478483470944727e-02 1.122089090175709403e-01 -9.661301374058692271e-02 -8.585774350548776301e-02 2.447484136754949635e-01 -5.071813387739884105e-01 -2.351020282873762801e-01 1.636662874114486743e-01 -2.904103169683629471e-01 -1.291272525876340643e-02 4.434926870254246589e-01 -1.174802614197943129e-01
-4.447271336922212215e-01 -2.062870632951546157e-01 -2.216746432657795696e-01 1.108405469202609628e-01 -3.323221433697903793e-01 -5.577271525388312334e-02 -4.350837219813619150e-02 6.614583908484933383e-02 3.634379200165405166e-01 -2.199954582114823642e-01 -4.754431766228982004e-01 4.115783312420729506e-02 2.282017227553913286e-01 2.235746121333011260e-02 3.419738008785534467e-01 -2.596206759824630506e-02
-4.023401646985022562e-01 -8.603358179761706748e-02 -1.084604097263670019e-01 1.672879157489455884e-02 -3.537736020152338901e-01 -8.660264242493667664e-02 -1.394600153011180954e-01 2.352764703479876818e-01 4.544786326387631470e-01 -3.306172944348862441e-01 -3.647982489490560476e-01 1.585691879809186453e-02 8.757986757597539806e-02 2.047619940212518641e-01 3.171332647761036516e-01 -1.088952109159586484e-01
-3.746398141241182311e-01 -1.200195693454972207e-01 -3.806496845986081512e-01 2.813241095200125774e-01 -2.613658907613493620e-01 -1.466478820146530360e-01 -5.306105517868174581e-02 3.241558739591045984e-02 2.867430885890293601e-01 -3.990860569644879008e-01 -3.929917241540749062e-01 6.833275290309516470e-02 1.567685829881119430e-01 1.513316446675044002e-01 1.561929467011529127e-01 -2.346100331404375461e-01
-3.931117876156725033e-01 -3.730193394192888867e-01 -3.102744884159911454e-01 3.736413461009122639e-01 -2.600343626394472363e-01 -5.553877701811583967e-02 -2.867784217191066132e-01 6.583969202874373483e-02 1.669020689224275655e-01 -1.615015349153317570e-01 -3.026788508599517757e-01 -1.357673487971247372e-01 9.060895019711204257e-03 2.448043614799377127e-02 2.698309409034355677e-01 -2.751108741462326424e-01
-4.346165126178044846e-02 -3.529466236251861677e-02 -1.169651024769428754e-01 -8.793805848447888360e-03 2.971706346334505588e-01 -5.886154783063032303e-01 -1.931939824849197573e-01 1.423861052591603449e-01 1.278569500959552685e-01 4.053916251472981513e-01 -1.671252891292496212e-01 -1.706761915896837789e-01 -3.839088832862321832e-01 1.247430221501631548e-01 -2.595869320709489614e-01 1.504915234070179908e-01
2.127651695623610228e-01 7.529672275305047957e-02 -2.044867201356810882e-01 -5.115815047635288715e-02 5.003243059188915431e-01 -5.499554331201031987e-01 -4.633917655455205287e-02 1.419179815273771961e-01 9.596854563088727530e-02 3.925164259307802883e-01 -3.887674556123319608e-02 -1.302019141436040472e-01 -2.916833212114639529e-01 4.025713822704676120e-02 -2.101900316183277773e-01 1.301664173459213536e-01
-1.922403978494748311e-01 1.866547786267938325e-01 1.273161558833434681e-01 -1.043930403623302416e-01 3.235652545530590674e-01 -5.397415555187119462e-01 -3.597811257330321144e-01 1.724515983789348117e-01 -9.785870747922677249e-03 3.460253156792647555e-01 -1.033488360225085223e-01 4.631110871647315871e-03 -3.747198503276075732e-01 9.702797199679301376e-02 -1.991948527331966756e-01 1.608079143370611253e-01
-1.374810730693736271e-01 -1.522929985653213164e-02 -1.020477916046198287e-02 -2.581934013868063260e-02 3.816024284112067289e-01 -5.954127862857346853e-01 -1.203165156099014893e-01 -5.752910018597975211e-02 -2.369498134956974159e-02 4.299152797478937305e-01 7.408946935251434262e-04 -1.368020804789702727e-01 -2.648112949385589276e-01 -1.120542643487534712e-01 -3.994674306009438070e-01 1.257553980757502021e-01
1.578622260534684116e-02 1.410436035555203416e-01 -9.616719089559241929e-02 -8.137768317303728516e-02 3.917784623076065453e-01 -6.420897872710926713e-01 -1.869935926608156385e-01 1.639680482531795935e-01 -1.946682702392306570e-03 3.228025835314743408e-01 -6.392750995030441197e-02 -3.265022974773939546e-01 -1.894687758260424071e-01 1.264561112889008021e-01 -2.601699503114883183e-01 -4.349155922070163660e-02
-1.797818848589552432e-02 -1.064855285590952105e-01 -4.143956319773403618e-02 -2.218519921579559795e-01 3.545926467730436404e-01 -5.158102464393857778e-01 -2.373953271343940963e-01 4.450040567176986872e-02 2.002105783768311220e-01 3.542760153737921081e-01 -1.737514815846981087e-01 -1.200822523234397893e-01 -4.458371091732482583e-01 1.936760725047111109e-01 -1.573019195825355598e-01 1.266449836195195078e-01
1.444512829668855580e-01 6.954136988612871773e-02 -7.430817209831937220e-02 -1.238621123434685972e-01 5.216219297251087905e-01 -5.584602442006486589e-01 -1.699110485721140595e-01 -1.485272712519801475e-01 -1.257310805472701132e-01 3.654953782353476122e-01 -1.500380232264210967e-01 -7.027273819547484243e-03 -2.162507901936702448e-01 1.128154169198461176e-01 -2.864674561754405602e-01 7.089152018223562890e-02
1.009838266324124961e-01 1.096530743611431880e-01 9.513678147823417808e-02 -1.441336512280356197e-01 4.095802423871769404e-01 -5.450853134180417836e-01 -2.293396238291701694e-01 -5.076084866638031629e-02 1.245008088526274453e-01 5.336904624758858073e-01 -1.574002700909881702e-01 3.420661426419797230e-02 -2.345312807961770496e-01 1.906368083112365830e-01 -9.928245524892773122e-02 2.074690000885237931e-02
-5.613041775757268703e-02 9.823327378322010972e-02 3.570640504281408917e-02 -8.152463547001886912e-02 2.730141625082226353e-01 -5.493031591608398267e-01 -4.347304921435634628e-01 -5.082797815143905162e-02 -5.018064569532417613e-02 3.049046652642210531e-01 3.650922195150066440e-02 -6.886141269608064309e-03 -4.743929116751272601e-01 1.793489273598703193e-01 -1.939116611685421654e-01 1.405414876712115790e-01
1.928083830767562401e-01 9.832409145049713847e-03 -6.308613323337697310e-02 -1.636818138033938608e-01 3.537632886797719700e-01 -5.332059246280933529e-01 -3.790358791078012879e-01 3.600435998559912195e-03 1.241790241251016502e-01 1.962397371177672101e-01 -1.675057752596393335e-01 -1.017758916056244189e-01 -3.582351996254014015e-01 6.376505152353338472e-03 -2.170874972036762329e-01 3.331236867562272219e-01
-3.282877118602766098e-01 -1.684243220732681845e-01 1.783045203532810097e-01 -2.247181862001391625e-02 4.013971774765480727e-01 -5.647650363850953426e-01 -2.754090187475892182e-01 -1.454293086665838786e-01 -4.176100240898680122e-02 2.807280215911402976e-01 -8.665196822063804191e-03 -6.651601674080490079e-02 -3.026500574208763616e-01 8.441053704513098999e-02 -2.573100186445602122e-01 -6.709380199074573004e-02
4.276429219808083881e-02 -1.534565319133746608e-01 2.134304582216323132e-02 -1.116257619544922149e-02 3.716456317201727866e-01 -4.629834532148781601e-01 -2.241866864314534802e-01 5.089807854469785564e-02 -1.285177475668970899e-02 4.230958039375962154e-01 -6.435015931954213286e-02 -2.103363441077312768e-01 -5.209807560832242501e-01 5.051866733917657892e-02 -2.585246822293416069e-01 1.876426795544246934e-02
-1.001975934554217434e-01 5.483152619797985322e-02 -6.664655657316267967e-02 5.568088227075784769e-02 4.093795232041309573e-01 -6.652654588764917998e-01 -6.015862840527196748e-02 -7.290067248189151250e-02 7.585510430894729095e-02 3.958412435471549973e-01 1.147847054621232848e-01 -8.491077131166560599e-02 -6.186212999977919874e-02 1.631471742716670281e-01 -3.299063119476438044e-01 1.954399537833633738e-01
-8.379964822804479574e-02 -7.973668346714134214e-02 5.548370127664882523e-02 -1.900943986990124013e-01 4.275797299207426128e-01 -4.326255767017030962e-01 -3.011272717118521070e-01 1.926605373086412165e-01 1.220252691934599759e-01 3.528946102450776223e-01 -1.696506774389772709e-01 -9.832023562753432200e-02 -3.136556507741812272e-01 2.132234370720689776e-01 -3.569947554031361325e-01 2.140040107804420944e-02
8.147799198724334224e-02 7.501834284032879441e-02 -2.019839391822259855e-01 -1.765508423451053743e-01 5.531478775331127862e-01 -4.388603364694260711e-01 -2.141276014933153060e-01 5.851936525715610571e-02 5.520763353544143326e-02 2.896546986318661587e-01 1.171766893201687670e-01 -2.703350324818081796e-01 -3.774915588633946939e-01 5.965245949141325527e-02 -1.905207939523022309e-01 1.086469458856234305e-01
6.740022857487858177e-02 -7.258989463870993419e-02 -1.414582826781504710e-01 -1.132421653164625563e-01 4.123689764662193946e-01 -6.369958391593781855e-01 -1.664378947305263368e-01 -5.600922784274822014e-02 -7.709375256246734850e-03 3.380293439628122565e-01 -1.624581103910313976e-02 -1.730763399191391216e-01 -3.327565626796061826e-01 1.072707382525972947e-01 -2.890568335311593517e-01 1.930783289225579402e-02
1.283874338846870689e-01 -5.337110814460912372e-02 -1.041529038338681878e-01 1.240094449414950867e-01 4.988273096535886242e-01 -5.577017225414464541e-01 -2.085607359799774019e-01 -1.725091639148972900e-01 1.008577455723208699e-01 3.345939114785715374e-01 -1.987402687371507271e-01 -1.150968139217259656e-01 -2.021434404017097286e-01 7.565355675932285140e-02 -2.018346028604104669e-01 2.431710384121277269e-01
1.804496583022671685e-01 -6.241449387824842682e-02 6.199962413431083647e-02 3.392626108019268505e-02 2.410105888352067627e-01 -5.284633107548418751e-01 -1.290000602143741015e-01 2.520163711853445343e-01 3.834240660809767193e-02 3.612952709406364593e-01 -7.140421935733746658e-03 1.927460450201172459e-02 -5.632140871186973596e-01 7.259800645035167053e-03 -2.895585143383487270e-01 -8.660664380146629315e-02
3.850490881911655498e-03 -5.664594167754794657e-02 -1.001680038524213057e-01 2.572272293192622017e-02 3.179825438012983119e-01 -5.205393801839056644e-01 -3.301424878511425298e-01 1.296144033633483683e-01 1.063209853681569145e-01 3.516561442129758075e-01 -5.149267060159147535e-02 -1.632223298996245409e-01 -4.640444103317579727e-01 -2.159132989481019277e-04 -2.715846072197132810e-01 1.867038916544766503e-01
-2.117616017274898399e-01 -4.571860659339018612e-02 -6.861458012024417019e-02 8.226590884999831002e-03 5.121283123732087716e-01 -4.435361640100904390e-01 -2.684461823271321879e-01 -2.759694071313718855e-02 1.145212066952609742e-01 4.071668946771841990e-01 -8.512609841327777038e-02 -2.703768671623808517e-01 -3.023239562235030542e-01 1.274169470397338300e-01 -1.664166164741305853e-01 1.479428322382725369e-01
1.621847225067025652e-02 8.943073965601703798e-03 -2.376279513855093090e-02 6.204667365793682665e-02 5.401266581502512931e-01 -4.670715165989911544e-01 -2.185101194869463470e-01 1.355368532857323567e-02 5.878787124986263428e-03 2.494804804508056473e-01 -7.108193137698344544e-02 1.576920667417750985e-02 -2.877323652652319930e-01 2.851665793060295662e-01 -4.448220757078955034e-01 8.869379432358708015e-02
-2.521470853436421841e-02 -3.902497745108181315e-02 1.815801232969921006e-02 -1.732396118304794785e-01 3.315492555280348252e-01 -4.045749016478145110e-01 -3.529233836258039991e-01 1.236039876049306041e-01 9.875872037719136964e-02 4.081209126598872583e-01 -7.835836448851449254e-02 -1.446055227970889367e-01 -4.656963430454538755e-01 1.695179942005753393e-01 -2.852861103936886189e-01 1.539370617051036838e-01
-1.241260375716049524e-01 1.583669368039783976e-01 3.251957568583667413e-02 -2.251257469203991057e-01 2.446294702361274109e-01 -5.197500408567343744e-01 -2.813403748460097109e-01 -7.197123535095151237e-02 2.592571784532499493e-02 5.912284390962291303e-01 -3.042403737325127810e-02 1.873560983339961072e-01 -1.704289049222104391e-01 3.257628177772628475e-02 -1.714307996565719028e-01 2.184277522809293104e-01
2.008680342607849570e-02 5.887855059780133793e-02 3.055142661629928202e-02 -9.797107181235942264e-02 3.057891930887965404e-01 -4.333609025147165394e-01 -2.339047510832109045e-01 -5.256531496225400751e-02 -8.555548231543858018e-02 4.867398884787482727e-01 -7.996101266811456165e-02 -4.694794497362618502e-03 -2.674570996181458993e-01 1.455987164910421960e-01 -4.972164683229211568e-01 -2.370803696814666461e-01
-7.997312781461242415e-02 -1.349731077522790257e-01 -1.494355425418480987e-02 3.674530844566880911e-03 3.708624412942833626e-01 -4.487678288600774890e-01 -1.349556855314474335e-01 5.595696337328051606e-02 -5.557696550645495337e-02 3.480533869597909336e-01 1.320790835149485420e-01 -2.953744411307282144e-02 -5.954162528344145722e-01 -5.133629284021892086e-02 -2.868830587238216379e-01 1.812977963742020970e-01
1.080200217303106947e-01 -1.327338434054453065e-01 8.992416554895577008e-02 -2.540920100255792541e-02 3.783654005837508993e-01 -4.769045751537508426e-01 -2.440828268508980492e-01 -3.971173131014117674e-02 3.057784415276999790e-02 4.026804616430913475e-01 -1.707610065164908708e-01 1.689783679707129033e-02 -4.204232617253149673e-01 1.932588522935775599e-01 -1.908051250243303076e-01 2.952742874753536140e-01
4.409610309554180818e-02 1.345180911293108322e-02 -9.012051692636710576e-02 9.765117745796211488e-03 3.560577140086148007e-01 -5.830286796903725310e-01 -2.265647364912845296e-01 -6.124102337920898920e-02 2.506870106592009456e-02 5.025692320558993176e-01 -9.328248421423580850e-02 -7.918347095094688259e-02 -3.949571157124522336e-01 7.637496639837970669e-02 -1.938301478022576574e-01 -1.748244715618042788e-02
-1.177555562037899961e-01 5.345492518382733566e-02 1.387340951441707881e-01 -1.113252417290212792e-01 4.066787416296266944e-01 -3.960737731595915245e-01 -3.196906786953064294e-01 -1.228118726315298170e-01 -1.086588412384514174e-01 4.265212791065630116e-01 -2.176239194752410122e-01 -1.930056061315420513e-01 -2.143582262642082792e-01 3.819677219282553438e-01 -1.655006085719528675e-01 1.204620344221892791e-01
2.715126478153075118e-02 -8.462377040484295176e-02 2.175443914333615586e-02 -5.696802941237418677e-02 1.206233182051473229e-01 -4.433716566749894006e-01 -2.052747637146175586e-01 -4.275633350394358184e-02 1.958247833292033058e-02 4.693796549110247351e-01 -1.540108828222702952e-01 -3.178617796001831364e-01 -5.167160308123028845e-01 1.214382636813023802e-01 -2.689632904278071446e-01 1.837079583275539607e-01
1.073924528174250159e-01 1.548193748644135781e-01 -2.322961817589491457e-03 3.806370889902814525e-02 3.097338446970916426e-01 -6.600994659858875346e-01 -7.383260205020406031e-02 -3.618742010258876179e-02 1.278409343138185994e-01 3.113834942481296664e-01 2.144951592533957466e-02 -1.872330827480801763e-01 -5.134576079284297601e-01 -1.705427626959944362e-02 -7.075596418688125111e-02 8.283220497455254239e-02
-1.013489260193047581e-01 1.676648452023472846e-02 2.505429190275882713e-03 -4.591690276957521161e-02 2.956517636891664025e-01 -6.016939784450326956e-01 -1.933942033874928579e-01 9.506688058827865440e-02 5.506410267362942673e-02 3.822330491075637271e-01 -2.157916163296901002e-01 -1.759055979904717015e-01 -4.551841942921279194e-01 2.050540183883712772e-02 -2.380114138998157824e-01 2.329134168687221895e-02
-4.215097300034759131e-02 -6.456998933522895001e-02 7.509714311546956955e-02 -1.816900676779759360e-01 3.153271898748123414e-01 -5.352643502205822745e-01 -3.078277259273927147e-01 -4.184122478462730388e-02 2.105376946422856180e-02 5.342018441274579699e-01 -2.370935653144056604e-02 7.428619843571823700e-02 -3.018984099113263264e-01 4.492805869877020131e-02 -1.668332013698516914e-01 2.450825378014259703e-01
1.192085864361659697e-01 5.687833752203628156e-03 -1.244993981450505383e-01 -2.072172941173680005e-01 4.197425039523444146e-01 -5.102867834732336405e-01 -3.028381900733265741e-01 2.952604132538012016e-01 1.387861696339257600e-01 2.290750889323954209e-01 -1.216868982570958047e-01 -1.979864986007645045e-01 -2.736354107673375502e-01 1.384323136024110390e-01 -2.729776921070577456e-01 1.324831550955517245e-01
1.614521915818851738e-01 2.633716410040717534e-02 -1.992343073371267981e-01 -1.296848645078345352e-01 2.757397002565230570e-01 -5.950614016071443801e-01 -2.589467521248116633e-01 -7.049381314312147540e-02 1.417697026078961475e-01 3.294219801163665307e-01 -1.000464412283549459e-01 -3.006371835349461175e-01 -2.762841992158001636e-01 1.461208292912936912e-01 -2.905263897663459272e-01 -5.894474941003294277e-02
-1.012587132971400627e-01 -3.819075916943907856e-03 1.630523004410359272e-02 -2.011041912434413936e-01 3.480595765645833062e-01 -4.624249172883181935e-01 -2.951849669818317201e-01 -9.605051352265224496e-02 2.592127129408715036e-01 5.186538288319385570e-01 7.684266898059673168e-02 -8.379798458530726777e-04 -4.002737626600526566e-01 3.575377319980497376e-02 -9.838044207511165151e-02 6.638178272078551490e-02
1.354634443286277801e-01 -9.271648672259399926e-02 -1.127063073914150865e-01 -1.489542124111314925e-01 4.707855978220810145e-01 -5.390421654887083136e-01 -1.467085157453495992e-01 7.216405181716011030e-02 -3.473099801661041347e-02 3.660148217155315686e-01 -3.871333220616349213e-03 8.142496857678647657e-03 -2.205348385746507545e-01 1.254109104927146612e-01 -3.442396878183918152e-01 2.847943317230245963e-01
1.934284310602637363e-02 -1.429581598153442934e-01 7.456640931052302586e-03 -2.499543589171928371e-01 2.588030521859533417e-01 -6.167725244629427284e-01 -4.589410211596436917e-01 1.714720178498388078e-02 1.131366332823326021e-01 2.072801047861844714e-01 -6.019254289559836796e-02 -2.310675315051944050e-03 -2.737401776060329195e-01 9.747911520308225053e-03 -3.381755554219739168e-01 9.779032554810775102e-02
-4.247537592193346284e-02 -1.265981241632167242e-01 -9.415021732802403287e-02 6.391394505373747259e-02 4.092400235147836129e-01 -4.139747716961921231e-01 -2.496647137123630955e-01 -5.770685216731689243e-03 -1.930162956948845016e-02 4.583825987334191887e-01 -2.037449530074403603e-01 1.150308100520778393e-02 -3.746189352008413298e-01 -6.564011811007305908e-02 -3.639214792774461138e-01 -1.969338005648059164e-01
4.768385572308412451e-02 -7.851512352742666401e-02 -1.179910350842636735e-01 -3.463318430390346925e-02 3.971018120054665701e-01 -5.698133344724594096e-01 -1.989306101668907312e-01 -9.139375454279602407e-02 1.867952584168306451e-01 3.573256089589366136e-01 4.523507227690403559e-02 9.635174629767159771e-02 -4.059135677931454134e-01 -2.215350351206598484e-02 -2.559108732845335465e-01 2.036813313218854837e-01
-1.376191958077778721e-01 -9.280229201784348514e-02 4.434667003156104320e-02 -1.442991252396482738e-01 2.509244385256814147e-01 -5.473990102129384638e-01 -2.764407965373746334e-01 1.253634976786289212e-01 5.676614434849654514e-03 6.065056228027536633e-01 -5.799896938310517697e-02 -1.865276754733365960e-01 -2.428123130820740438e-01 2.449505466342597609e-02 -5.496929740985727342e-02 1.621676808951681148e-01
9.395969885718053263e-03 -1.979162014352796040e-01 1.000354372094046512e-01 6.322473702381357918e-02 3.608723883881066463e-01 -4.970375597519536837e-01 -2.517295851078484303e-01 1.445745136309463559e-02 -1.343071002783633068e-02 5.494562863438604561e-01 -6.862765992407464377e-02 -2.702381596396674288e-02 -2.487014391692801418e-01 2.447991419881778707e-01 -2.746671706019890302e-01 -3.377426810845839122e-02
-6.584852992532477800e-02 1.509494948006943338e-01 -3.436454317069134040e-02 -1.612348286264521646e-01 3.363687080776284200e-01 -4.740071441103851368e-01 -2.601076409009680512e-01 8.694887985355365112e-02 -9.975766559994837801e-02 5.007136255354637244e-01 3.273975678051506411e-02 -3.804520866084359215e-02 -4.243877024939455844e-01 1.398514222134981111e-01 -2.626788313963814847e-01 2.844801093741809728e-02
9.295718813557876659e-02 -2.717240010597287477e-03 4.461269368404022911e-02 3.595212244711042809e-02 2.518988336878398293e-01 -6.114262635482071717e-01 -1.611132497652386086e-01 -1.023795935414146679e-01 9.541842959514441891e-02 5.184646335053063604e-01 -8.849185157681686842e-02 -1.519004672699884873e-01 -3.461147073651525408e-01 -1.364480871397946542e-02 -2.903567705832744705e-01 3.508750922525490784e-02
-1.925609127861637182e-01 -1.189045615789642157e-01 -1.706113042608822516e-01 -2.731468198509445083e-02 3.834599999632669065e-01 -4.398530040541266395e-01 -2.860632972848299316e-01 2.826262054837526405e-02 2.812581448946707696e-01 4.093268148883968394e-01 -1.241114797076057485e-01 5.325309149453327784e-02 -4.368004902025658942e-01 8.828044826224296093e-02 -1.299473154112954776e-01 1.241608690922143404e-01
1.792407160561473589e-01 -4.125419149145533038e-02 -1.093511521508994111e-01 -1.289674333389685401e-01 5.080161162545149267e-01 -2.861499689368623423e-01 5.968244646231372387e-03 1.319721642403138828e-01 3.169256158541479407e-02 3.903870672080948512e-01 -1.287549575526332479e-01 -1.484924869286456117e-01 -5.257769194326165074e-01 2.456625133214747070e-01 -1.952148726830600645e-01 -1.150282940411679333e-01
-6.122612503121896421e-02 3.290115033398950672e-02 -1.310531499596035432e-01 -1.153118267299372279e-01 3.280969898175603583e-01 -4.367615217353394974e-01 -4.084962279214228165e-01 1.399546818688854610e-01 3.241380951992611087e-02 5.516976858219446722e-01 -6.188858760246142288e-02 -1.259978525141618733e-01 -3.042687436138679091e-01 -1.352352689008368691e-01 -1.818668248802863541e-01 1.037407905970233607e-01
-5.769416550126548610e-02 3.212405923207994896e-02 -8.764662929579572492e-02 8.635076579493318472e-02 5.692406030843545350e-01 -4.159953542809594063e-01 -3.702032746587546885e-01 -1.847329081615519952e-01 -4.403826434787075361e-02 2.023469658581175112e-01 -6.402428183995187427e-02 -1.367641393935155325e-01 -2.789740124171020130e-01 -2.359698995685724845e-02 -3.716977336963993572e-01 1.732270366141486495e-01
2.538749090523594043e-02 -1.268680946057289260e-01 1.669692350171356286e-03 4.621470633255746197e-02 2.954081598025919964e-01 -5.448822166511323450e-01 -3.364527340265438538e-01 1.275542353149583252e-01 -1.022752441674952967e-01 2.740726523308786855e-01 -1.295073469177575320e-01 -2.489905911637605579e-02 -4.585059405257319587e-01 -2.188189438490020008e-03 -3.183912498682442971e-01 2.300317473796736067e-01
-1.409429259052005501e-01 -1.306479431068268415e-01 1.905568129188417101e-02 -9.777728790773974887e-02 2.488896518113244971e-01 -5.274941051918656809e-01 -2.187370303674001648e-01 -9.111961025854661833e-02 1.465638661733415990e-02 3.174830772039687332e-01 4.330021687931935592e-02 -8.416900855386175162e-02 -5.698383103483765089e-01 1.293890816163853208e-01 -1.314374929847102469e-01 2.968084133813488901e-01
-1.532339066881998335e-01 7.064270876004422051e-02 -5.365125060305284133e-02 -1.290944290239527392e-01 3.848540155499956539e-01 -5.688517770188944445e-01 -3.445320197484862401e-01 9.014870928636643799e-02 2.029865149540530933e-01 3.573347606538744836e-01 -4.424590126703719511e-02 4.054651844490300000e-02 -3.077738987705980200e-01 -8.304777497215694304e-02 -2.224664313954522743e-01 1.727561697061709700e-01
9.782984934971677982e-02 -1.616707550960955198e-02 1.008660749989554739e-01 -4.045806705392440694e-02 3.040901888882836523e-01 -6.282207971272570912e-01 -2.133561612427823939e-01 1.314363163269745456e-02 -1.114051421522917334e-01 4.268725776109238423e-01 -7.391647747984993189e-02 -1.354837879145382173e-01 -2.373831296570368954e-01 1.610746463374506943e-01 -3.604396404383733987e-01 1.219343039241114618e-01
1.464968163319839145e-01 1.247994994933145085e-01 -1.322559400343278069e-01 -1.366901647442252399e-01 4.081643160903500323e-01 -4.026919339655940511e-01 -3.270992529109295055e-01 1.925505056625263084e-02 -1.586531848613418477e-02 3.361874548276668762e-01 -1.219404357407072453e-01 -1.914176363791095514e-01 -3.477175735298254633e-01 2.681165330594244001e-01 -3.629134448843683303e-01 -3.715242740534160926e-02
9.937599773149063953e-02 9.074681137398067643e-02 9.080211814045056895e-02 -1.839900032831938556e-03 3.719458425926135958e-01 -5.785885982101550695e-01 -4.223267575786833761e-01 8.419083450456373019e-02 2.194015326294661283e-01 3.533746839650497296e-01 -1.299165407587479226e-01 -2.357515942803366585e-02 -1.868677649453216461e-01 2.005448389870310988e-01 -1.722294736427579798e-01 1.408508918097169105e-01
1.155275386551043865e-01 2.060736451787206491e-01 2.015724736060193756e-01 -4.093827602541938449e-01 2.984748774112678804e-01 -3.408569227779587596e-01 -2.689057610727370040e-01 4.042991042734147417e-02 4.863570204718777740e-03 3.589448149113491637e-01 -4.473063605119644709e-02 -9.097576305637988803e-02 -5.093600301766240124e-01 4.716594449527469757e-02 -2.066290518538320131e-01 -1.150455055865455684e-01
4.157350930938763511e-01 -8.186374518770249409e-02 -2.045797884535371924e-02 -3.367037815542868739e-01 -1.382298746855909477e-01 2.767875996305680375e-01 -1.594689406378991259e-01 1.355279552010705546e-01 -2.108540806223528630e-01 4.225352674622319671e-01 -1.966221296826861087e-01 2.188165748249873976e-01 4.008108141499929777e-01 -1.945518225146082303e-01 -1.127729689710334215e-01 -2.154152668016423022e-01
2.558113084240705160e-01 -2.882533274837280057e-01 -3.514382562673318278e-02 -2.384495399110155567e-01 -1.730464925009627675e-01 5.228637457688205536e-01 -2.742835297947270878e-01 1.368651926838156674e-01 -1.709686827176155888e-01 3.010646836354831657e-01 -3.076819689102345268e-01 5.952567211940204550e-02 3.256083915259872508e-01 -2.084360805098678937e-01 9.662706352789744713e-02 -1.385541543555787181e-01
4.118683913581489553e-01 -1.997112984982956085e-01 1.921876166190308877e-01 -4.149106324912728017e-01 -1.941344844688846494e-01 3.921441966406794544e-01 -2.805160141808780705e-01 1.591422824543864967e-01 -1.083842508934927812e-01 1.999586314196316328e-01 -1.900644360846813763e-01 1.641394225553733377e-01 3.705110296181295948e-01 -8.841942120946319483e-02 4.875925785450702099e-02 -1.537576692601108075e-01
3.241406080214047636e-01 -2.089549411886428842e-01 -4.913983922372679863e-02 -2.028597193648950803e-01 -1.338631779542268918e-01 4.858834936668934845e-01 -4.835843674791385355e-02 1.388561393059040416e-01 -3.978280153125538648e-02 3.440262318595659341e-01 -4.091120058311842889e-01 2.156990643123475604e-01 9.691909046598408406e-02 -2.814623712597052463e-01 -1.080614732015834113e-02 -3.309314658197894388e-01
3.798806930200113730e-01 -1.847859466706456774e-02 -8.696182009172248595e-02 -4.332372742012262079e-01 -1.886576180803914426e-02 3.945741945173267262e-01 -2.316799151702243764e-01 6.913637392018812632e-03 8.494636621327694703e-02 3.459453039309708933e-01 -3.224580143703806856e-01 2.914276503277605235e-01 2.657621152722691171e-01 -4.863483524659176216e-02 1.075893511358565757e-01 -2.234963329288827960e-01
3.843618720503696462e-01 -9.440403899982699465e-02 1.803749855165232285e-01 -2.776810949781668425e-01 -1.465185619018077867e-01 3.688149770762301771e-01 -3.412912643434885124e-02 8.035909307721578188e-02 -1.622947577183567192e-01 2.822649201922988738e-01 -4.186602847687810325e-01 2.931790195309459945e-01 3.212523117247622628e-01 -4.867385849500283773e-02 1.636124924082572318e-01 -2.627026082208747670e-01
5.556989429843888217e-01 3.840005613905789206e-02 5.477691526837656644e-02 -2.435939367435267511e-01 -1.549584711069047771e-01 3.673278428499003323e-01 -3.596574445177575519e-01 2.427143663460012285e-02 -1.013775506057989634e-01 3.901693223243506425e-01 -2.285534884994661342e-01 8.828513092194376077e-02 1.882351669159889884e-01 -1.536435883541978353e-01 6.513901644578029559e-02 -2.295185417113346227e-01
3.785357254565062668e-01 -2.166586522587109903e-02 9.279319672131637609e-02 -2.348552289968986184e-01 -1.331405035388571467e-01 4.562379244182953042e-01 -1.177471046649259667e-01 1.303962905179040788e-01 -2.500965858294759703e-01 3.935098332325345227e-01 -3.655556745247964812e-01 1.523412418248276945e-01 3.319474731458750827e-01 -4.789754003791257819e-02 -7.370936402962004197e-02 -2.087420955311936888e-01
4.902242051239006360e-01 1.337635772501790110e-01 2.172073735389931648e-01 -2.003514913757601934e-01 -1.881321952079541560e-01 4.098508238554072203e-01 3.817347690356955037e-02 8.899957357460117069e-02 -1.069244493907799409e-01 3.139796311850609478e-01 -3.992511392209875387e-01 8.545078019905744116e-02 3.407325390631650852e-01 1.610716192166542632e-02 3.741562035219924559e-02 -2.173495447456329499e-01
2.681523321962775985e-01 -1.066527393095713372e-01 1.261825737110592316e-01 -3.243744465239547514e-01 -2.118463878035738990e-01 4.200202214675251566e-01 -2.555897591845932015e-01 1.929374584287356920e-01 -9.970735152314924576e-02 4.199961931108106006e-01 -3.413571144462136941e-01 1.758784951011247988e-01 1.750868206716689468e-01 -5.925240631375787437e-02 -7.860368140923475189e-02 -3.123952083210929653e-01
2.169450235030879470e-01 -1.427753428457238516e-01 9.788940101799836757e-02 -1.675453699209026870e-01 -9.617264010307993716e-02 3.678004300875482580e-01 -2.413004336067257061e-01 1.419496991128781360e-01 -2.393587641972053787e-02 3.839561065492328451e-01 -2.834679198757964480e-01 2.381987312024915482e-01 3.179013098400914061e-01 -2.356270037268333173e-01 4.091397211982545912e-01 -2.508580650443463234e-01
3.304632120557434161e-01 3.094436671309402573e-02 1.316997007669372943e-01 -2.573926492139501088e-01 -1.947878295116274860e-01 4.730008148169180804e-01 -8.248862270899057214e-02 1.237313893893374206e-02 -2.405872270846397543e-01 3.215257957041092740e-01 -3.492027812516975693e-01 2.975063640901000617e-01 3.938558650830804586e-01 -7.093295646745316485e-02 9.024695972348537737e-03 -7.524723017948689585e-02
4.407233549970579478e-01 -1.474418122984115787e-01 -6.372158685556118807e-02 -2.448562004201262632e-01 -6.055370099359997510e-02 4.959136125523419536e-01 -2.774220975894378105e-01 1.182668809571340157e-01 -1.006021959468609145e-01 3.131923393901676067e-01 -3.118938529075774846e-01 1.100560296576709313e-01 2.538234024311756820e-01 -1.661090336099394493e-01 8.745599899221982720e-02 -2.493877879806513931e-01
5.066196738405697175e-01 -1.063920634288788719e-01 -6.843230654283258274e-02 -2.063781940217478128e-01 -1.539817115146451809e-01 4.325872883183251583e-01 -1.211318683311452538e-01 -8.302970681622964810e-02 -9.237491165174668839e-02 4.177373317114533302e-01 -3.489087035732543751e-01 1.908417277617741603e-01 1.588283883969979216e-01 -6.914197521383608214e-02 4.420915342603889270e-02 -2.813828958898517141e-01
5.227310514419363230e-01 -1.152397094978350883e-01 -1.188241484130718277e-02 -4.226161036879098609e-01 -7.030830008916168217e-02 3.966040069903085663e-01 -1.257962483054485547e-01 1.631506852965752541e-01 -9.532493946197063972e-02 2.052074441064575261e-01 -2.795523503842464175e-01 1.721126346364700854e-01 2.093084835954878986e-01 4.342830449055899017e-02 8.854924704231117993e-02 -3.428402161606223797e-01
4.690496632945410638e-01 -8.237098845088126897e-02 1.365790340092482361e-02 -2.189607052720079494e-01 -1.178656484044645625e-01 4.407512123462166143e-01 -7.065592182767525820e-02 -2.767536975866545252e-03 -2.382537392562876222e-01 3.655386431673168235e-01 -4.198657584669798770e-01 1.218408541562416569e-01 2.764246995518697125e-01 -1.399572453215056078e-01 3.637804799843206288e-02 -1.818940456100740510e-01
3.896955302818347899e-01 -1.129507898978100722e-01 1.510524965910222707e-02 -1.462608162962567571e-01 -1.594961237255469455e-01 4.574224066133985023e-01 -9.405604146182394709e-02 1.088448340218799576e-01 -1.948369798972368894e-01 3.051502387519354209e-01 -2.864515790345709689e-01 2.138608726103363167e-01 2.923417950386397179e-01 -3.328580327998261756e-01 5.028433196475812217e-02 -3.173882532906699971e-01
3.430688407980570509e-01 2.090085707645175303e-02 -8.960951535517598654e-02 -2.416287938998039064e-01 4.937679183006370848e-02 5.561077500311152333e-01 -3.129319075181132281e-01 2.721245503342425986e-01 -1.535824412652202764e-01 2.537790822310083128e-01 -2.391275473615407376e-01 3.076525499001826758e-02 3.564730292857569149e-01 -6.729684855661376142e-02 -5.833085345646488867e-02 -2.250695224727823074e-01
5.004178809812074302e-01 3.414872235629055203e-02 1.456480319424978409e-01 -1.767839556994835470e-01 -8.578089557476344107e-02 4.977176978243456063e-01 -2.038800367343385767e-01 1.515549518465260370e-01 -8.338530358916357299e-02 2.915452095177156200e-01 -2.724256071682186753e-01 2.360364624168389269e-01 2.914861479694361157e-01 -8.039749951788693894e-02 -9.642431915862398339e-02 -2.317896213864008570e-01
4.310232807468008520e-01 5.568729390452782646e-02 8.341105980072688331e-02 -2.771035677642427753e-01 -1.066928453417453210e-01 4.408376220122950384e-01 -2.438336279694735265e-01 1.521704930747871387e-01 -4.846426987863346192e-02 3.543678595172538026e-01 -2.995278409786594764e-01 1.880212446768061152e-01 2.423814161802282374e-01 -1.686119088670257797e-03 1.227721400132676249e-01 -3.349974950827797060e-01
4.657538391024564906e-01 -1.625394970804818970e-02 1.099048860666198141e-01 -3.475202727070885733e-01 6.027755917252406587e-02 3.194654928477613232e-01 -1.798853045933783146e-01 2.782346384261875638e-01 -1.786697916813465015e-01 3.083964449770641991e-01 -3.471431233316051856e-01 2.263151059068486959e-01 2.367568742292836814e-01 -1.310599280280758672e-01 6.063894886413489366e-02 -2.425472802290961349e-01
3.301108708716336548e-01 2.402829530716727932e-02 1.033378306456756712e-01 -3.369678592431140096e-01 -1.456406304087759229e-01 3.729328155143222800e-01 -1.552383296832199611e-01 2.577412194595268824e-01 3.840204943850654591e-03 3.583759285430356267e-01 -3.501937099257509955e-01 2.347212901534945495e-01 3.491965157138228193e-01 -1.162115038350479967e-01 -2.680815153841826365e-02 -2.703036924863891910e-01
3.693466649905022825e-01 -5.436658001172579163e-02 1.989926743026511069e-01 -2.268786800370275192e-01 -6.449668515395270973e-02 4.102070072417868807e-01 -1.859115645078362744e-01 1.265669517543513145e-01 -1.460367977420587160e-01 3.152832876583624433e-01 -2.898226045112354821e-01 2.860472706825512024e-01 3.114746252608349142e-01 -1.745704767917563294e-01 2.006634955922337316e-01 -3.037034226716905927e-01
5.407447162686888076e-01 1.316901675286834827e-01 2.042738576091078506e-01 -2.750793354680897140e-01 -7.121834835295082211e-02 4.726153286397080655e-01 -1.162294787132057972e-01 1.757527411324926181e-01 -1.040683579986541873e-01 2.639922396523279313e-01 -2.852516538267950708e-01 2.430999183554853060e-01 8.403022533602816369e-02 5.493274020933529289e-02 1.142862320725933217e-01 -2.364160581432367125e-01
4.544356593428798829e-01 2.865144926082250840e-02 1.204497164698797029e-01 -3.574473360370247210e-01 -2.172627814660852974e-01 4.584362833035131590e-01 -5.368130561988301158e-02 5.075416334263543189e-02 -1.525990942775215520e-01 2.197979986422164411e-01 -3.604705055067247699e-01 8.065717626108843963e-02 3.423633020189145171e-01 4.394293813231266860e-02 -4.837926204807638242e-02 -2.409141121324994694e-01
3.348025552893129642e-01 -5.146575006063335012e-02 -3.895294528835856890e-02 -4.013035762994335842e-01 -1.410191709796717804e-02 5.432853010624869583e-01 -1.042450032886840933e-01 7.210233904297924656e-02 -5.653126757435068817e-02 2.711490809556705295e-01 -2.657213068008455470e-01 1.108781231462741823e-01 3.037161249350464054e-01 -1.043950424086738105e-01 6.213953009969764305e-04 -3.853719085095873020e-01
4.920843474746214308e-01 -8.610071749528188170e-03 3.831580988371635632e-02 -3.910596587671273938e-01 -3.197917788390253896e-02 3.838264243776526863e-01 -1.909798323878332538e-01 4.126225847336896513e-02 -1.642141960670455980e-01 4.061357716183388589e-01 -2.998069687915509429e-01 2.318460378218521467e-01 2.272448565508886908e-01 -1.554806801570439156e-01 7.321704438176429575e-02 1.171614801857506251e-02
4.455889653613245849e-01 -5.762551327372303356e-02 1.133244422496796078e-01 -3.470584258514307630e-01 -1.216259143356480527e-01 4.258700849903522268e-01 -1.256676771671962622e-01 1.714926196850598827e-01 -1.225755367365314978e-02 2.491764703406152415e-01 -4.252032516061728940e-01 1.911775710543247020e-01 1.945919899919929530e-01 -3.758674173095115367e-02 3.549054686368229017e-02 -3.214860860129636899e-01
2.602274072445417419e-01 -1.208257354504031489e-01 -8.310733446010892811e-02 -4.612229793368081143e-01 -5.867080473547422320e-02 4.710978977074350982e-01 -1.890400813215550868e-01 5.633337058855888285e-02 -2.732055895339947638e-01 3.258390601335152126e-01 -3.170167852322283708e-01 1.137827790000435213e-01 3.152153438515533646e-01 -1.161824421510785910e-01 5.521311565339066807e-02 -1.536169513452514124e-01
3.392355002362011929e-01 -2.559231814148339029e-02 -2.853851856134260317e-02 -3.445732642338890650e-01 1.738038181217500810e-02 3.542388326837165868e-01 -1.490018588198136484e-01 -2.952991147150021631e-02 -2.414463286015722521e-01 4.338034887317918087e-01 -2.218873158132014245e-01 1.962125722139346495e-01 5.014124412949951815e-01 -4.315992595904742657e-02 7.564785164193493089e-03 -1.682520044320618691e-01
5.098875729926710676e-01 -1.347437606200757865e-01 3.775412151410544037e-02 -2.396931891632682610e-01 -2.379725368655966414e-02 4.385624343022351823e-01 -1.836956289044381907e-01 4.349972394843861292e-03 -2.669527384927913860e-01 7.984909930871331163e-02 -4.076957305092999695e-01 2.749232337412907401e-01 2.913048209658712362e-01 -6.981541763190972361e-02 2.169098011456710787e-02 -1.633181943495118082e-01
4.387061927348973045e-01 -1.341353184513354169e-01 -9.175976082781732435e-02 -2.175932592893385364e-01 -3.543588561086959410e-01 4.922041365914783251e-01 -1.158388095166842796e-01 1.449621187209720607e-01 -5.443143134836558178e-02 1.470705951159738956e-01 -3.149321790758236039e-01 2.424915137765151774e-02 3.623004603643493748e-01 -1.011827604574935535e-01 -1.533550332057994903e-01 -2.052558786977398686e-01
2.714635674727285397e-01 1.475860245447616764e-02 -1.939775209903717434e-01 -3.697540191574124058e-01 -2.965903731814990563e-01 3.642768147877730733e-01 -1.228026533832906296e-02 2.055815831464329335e-01 -1.298181762679757600e-01 2.578845226478227448e-01 -3.312170209293188727e-01 2.052817138872884972e-01 3.423787864661148594e-01 -3.162365569973351054e-01 -6.742335038800620350e-02 -1.780145439355547421e-01
3.766508575668283676e-01 -5.639834098076920016e-02 1.582163444383648809e-01 -3.279618178875324808e-01 -5.390445744309331488e-02 4.602726950902289449e-01 -1.554977605072598856e-01 3.285274069504013905e-01 -4.196111172560243463e-02 2.936256726941520734e-01 -3.341187157097116889e-01 1.303078386965651481e-01 2.454238561516934869e-01 -1.716619300154631211e-01 -1.144242779669099944e-02 -2.628149574445263204e-01
4.365870117151834373e-01 2.205200433789327175e-01 6.009717102568212094e-02 -3.626192975670756713e-01 7.548748765334807771e-03 4.263332396044507422e-01 -8.316832674706839401e-02 1.993401796893918831e-01 -1.550124333182947012e-01 1.826256042345666408e-01 -4.351534675400973162e-01 1.401514405647779349e-01 1.822232476926788636e-01 -1.829039767907226499e-01 -4.447238085930038318e-03 -2.532328712122541292e-01
5.570130414069197622e-01 -3.803888958819368060e-02 9.183885990855175652e-02 -1.895634398746077198e-01 3.417721251131786847e-02 6.205544190183517328e-01 -6.396327051488431836e-02 6.197289100056495997e-02 -1.302199167005887170e-01 1.663240334300119527e-01 -2.966316951309977412e-01 1.595335251370644525e-01 1.657182067282941540e-01 -4.636671979765486645e-02 7.240080672520105010e-02 -2.383622035507269032e-01
4.685479060529674777e-01 -3.342294551330343699e-02 2.058978412824599702e-02 -2.299282296657341185e-01 -9.119786656345081621e-02 4.776984453463657965e-01 -1.423936563832938207e-01 1.982476336145478843e-02 -1.724595164330387509e-01 2.842482578608394039e-01 -3.816334431921616366e-01 9.957699881670713238e-02 4.327269057615062420e-01 -4.029835126080769797e-02 7.748611522185071092e-03 -1.176325322359908360e-01
4.500844053293762692e-01 -1.276783222690360819e-01 -1.615729015283327019e-01 -2.359283776872788396e-01 2.527935691578530458e-02 4.639540459518636806e-01 -1.579296082808566148e-01 1.817008139493132834e-01 -2.254742098252119492e-02 2.450448437410160940e-01 -3.291872383723761231e-01 2.058872750968731846e-01 3.550604908300750706e-01 -1.210055286410196274e-01 7.966697795439887930e-02 -2.591112415836500094e-01
3.868964219989273201e-01 -1.377725344536059326e-01 3.877699378414018599e-02 -3.213766874865343626e-01 -1.975736794583119182e-01 3.568619968386555485e-01 -1.370372658317256798e-01 1.513213627633130665e-01 -2.119637696705916896e-01 3.796609871457992114e-01 -3.978472177733688997e-01 1.934153132269824382e-01 3.045735368584866487e-01 3.888211055528797977e-02 -8.607330383158699749e-02 -1.789736791485186385e-01
3.162185050562593691e-01 1.384660144558843946e-02 -1.682763141822808325e-02 -2.379309708693234937e-01 -8.162749049739634333e-02 4.805508507978508703e-01 -6.460644880364484199e-02 1.762890122675288274e-01 -4.657147186352098012e-02 3.085313765426404009e-01 -3.104144591122093289e-01 3.207909845214315103e-01 3.875333990588336608e-01 -1.155911649701691635e-01 8.457279800583711316e-02 -3.205547077846914172e-01
5.888630514708035335e-01 -2.994591943020872768e-03 8.352537528468650940e-02 -3.517032270839000052e-01 -8.078130244079415045e-02 4.032462369114312994e-01 -1.852873092225006124e-01 7.462139751454585634e-02 -1.632191103764510098e-01 1.456140313618563553e-01 -2.802061320069474393e-01 8.061983843404522954e-02 3.058296528477728038e-01 -1.025677695827610231e-01 8.834222265604949054e-02 -2.623196015050558438e-01
3.794661971471951500e-01 2.782281269655313694e-02 -2.776267199653986717e-02 -2.645603305753387313e-01 -2.191112664679642219e-01 2.136757696171786014e-01 -2.740428864695387823e-01 2.331174973046007681e-01 -5.391700443275777160e-02 3.969326388770446079e-01 -3.195674284789309372e-01 2.037723592058272581e-01 3.424993463346475697e-01 -3.021048375865335034e-01 -8.255651661576871025e-02 -2.045976944996074076e-01
4.504387964203579453e-01 7.186678037427321475e-02 2.543240573356993217e-02 -2.891738964034683557e-01 -1.462428444155684515e-01 4.541332206225256463e-01 -1.712625803183323026e-01 -5.473928336272868705e-02 -5.367354869061434497e-02 3.640390443156474309e-01 -3.339130856641878142e-01 7.867208919974320869e-02 1.991749032950529685e-01 -2.877187443475758277e-01 -5.080756902867692576e-02 -2.638064550481737935e-01
3.878171902578341768e-01 5.180277412474588311e-02 1.205093480461657540e-01 -3.606439088727576014e-01 -7.566778518627866046e-02 4.302148557024047526e-01 -5.172937522250483505e-02 5.835534486030902884e-02 3.575512586905400109e-02 3.976237590345153006e-01 -2.877733016095752605e-01 2.331020829672012518e-01 1.588031985743001695e-01 -8.040545004839705356e-02 -1.126341650869722676e-02 -4.208236726222936985e-01
4.726029606132897132e-01 -7.652156044645647137e-02 5.570289667195116833e-03 -2.866234337244981667e-01 -1.573594553586690203e-01 4.533377147515241234e-01 -9.298853590333924779e-02 1.593016756158000813e-01 -6.879271447440814258e-02 4.444100256190438580e-01 -3.101222229527207941e-01 1.827061741097157910e-01 2.535314477671098965e-01 -1.300225979067705373e-01 -4.952824755837553772e-03 -1.063355488077095956e-01
3.709587159867131501e-01 -4.998938112102407905e-02 9.984986314242434713e-02 -3.675372107318172765e-01 -5.964068251722100950e-02 3.616103430040124023e-01 3.674060638570613574e-02 1.537649240288130881e-01 -1.198950544799896045e-01 3.706467392882325518e-01 -1.450803011103954099e-01 9.494960629596317647e-02 4.014145691407428607e-01 -1.087866931137738136e-01 1.126705198397818797e-01 -4.336405461565144281e-01
4.546265548832689740e-01 6.836577909964555722e-02 8.534015582963007385e-02 -3.235402001748874934e-01 -1.790398212277712342e-01 4.021775680228170113e-01 -2.786493657321330031e-01 1.820026419584162003e-01 -1.125818972145747054e-01 3.176248837788457902e-01 -3.433872207912510577e-01 1.375126311220304098e-01 2.990773249507415743e-01 2.003369780881849443e-02 5.439628746875503629e-02 -1.700435799237414725e-01
2.852948445120134235e-01 9.828191223597461390e-02 -5.893991618150885630e-04 -2.973439659772930677e-01 -8.982923094219401328e-02 4.736879036023067258e-01 -1.711844374373411859e-01 1.947469233740895533e-01 -8.207302200138540116e-02 2.286225981480478897e-01 -5.150263422762421106e-01 1.729704507773451028e-01 1.707155820822942038e-01 -1.422999701713359710e-01 1.533761420421424215e-01 -3.062045453014117791e-01
5.235442779623973308e-01 1.741554874458495772e-01 1.580540058626554445e-01 -2.673698464358141846e-01 -3.610493837205090012e-02 4.497875619288068116e-01 -2.247743556591304814e-01 1.304205684044269509e-01 -2.340286575626748244e-01 3.452531874431460368e-01 -3.241533295016814642e-01 1.200486872629735330e-01 8.317526065965077930e-02 -1.827707086560960426e-02 6.835560952105317056e-02 -1.502570783301599155e-01
4.227462570220332783e-01 -1.879386594667613597e-01 -5.052155529893113950e-02 -3.385633285033680662e-01 -1.335550714555052976e-01 4.417904169449806684e-01 -2.016117118813977593e-01 8.727037134204448932e-02 -1.498866343774571119e-01 2.864616456312808479e-01 -3.297336373582463454e-01 1.058272446537904116e-01 3.743865033352775096e-01 -1.248378606248850692e-01 -1.748045932374632169e-02 -1.643250167025250286e-01
4.273973348010619566e-01 -4.156183080822215686e-02 3.791177930108002164e-02 -3.120848226212033505e-01 2.714771345006189787e-02 4.433589596391183107e-01 -9.276400426577340042e-02 1.053157303334886497e-01 -1.333152219551599627e-01 3.376087524508757931e-01 -3.476262494146599713e-01 2.554643713841835972e-01 2.918431730948762293e-01 -1.093308560135976132e-01 -1.019584994956306695e-01 -2.727439863319247593e-01
3.977320271347575820e-01 7.671062159937476650e-03 -1.455725328289536880e-01 -2.109051940164580197e-01 6.481119389105197137e-02 4.485139311829519082e-01 -1.496371467857234849e-01 1.524793460703834647e-01 -2.211308702454682917e-01 3.692837930949184333e-01 -3.240433153089609664e-01 1.021499453323890527e-01 3.679880477542403772e-01 -1.779891783247838088e-01 7.861572754167130139e-02 -2.260259179181191014e-01
7.004360291980847864e-01 -1.910125649377919232e-01 -1.016289715859348269e-02 -1.838398278248304096e-01 -6.126845996653781934e-02 3.017315260214714079e-01 -1.015430770329301541e-01 1.541971001302409605e-01 -2.006275970985866020e-01 2.716287226415103340e-01 -1.271640961169130113e-01 2.752311929005165636e-01 5.083684852037632929e-02 -1.021594041787723950e-01 9.362746928385499989e-02 -2.870125040790886262e-01
2.979258584687893285e-01 -6.039802934069078005e-02 2.654709352362137897e-01 -1.711453392556368525e-01 -7.491699043105516653e-02 6.258401274971349126e-01 -1.114638947874441177e-01 1.016129946050267352e-01 -2.055952078923243553e-01 2.886411611302202029e-01 -3.021630593094430939e-01 1.181344456443489260e-01 3.479512298496837963e-01 -1.895341098407581082e-02 7.437513848180654641e-02 -1.731663151907958664e-01
-4.121407870751587349e-02 6.025612672498024958e-02 6.243260296400694048e-02 6.900871144795154288e-01 1.078002217753594449e-01 1.321381104416625707e-01 -1.402923249263230698e-01 -1.611088940029824501e-01 -1.021853769102626097e-01 -2.839717358839150690e-02 3.736693350659802126e-01 -3.721419572081560712e-01 -1.904721267509227045e-01 -3.026597960537203424e-01 1.478732556788760477e-01 -2.678472049549478207e-02
6.423346837398659359e-02 2.863975795482536987e-02 -7.475244341352806077e-02 7.481980313160871976e-01 2.013398149171695406e-01 -3.491944597435982928e-02 -1.441686937079295350e-01 -8.019057886788649725e-02 -1.793821997777053645e-01 9.527169329184509775e-03 2.245287452850281140e-01 -3.464341623268917814e-01 -1.536109890096127861e-01 -1.941147647435511325e-01 3.007136857086946113e-01 -7.930478253761834295e-02
8.944126336001918809e-02 4.918728138587897050e-03 6.622724117008763067e-02 7.078412282537550615e-01 1.627587058730004810e-01 2.249078238849251850e-03 -2.416430907303248610e-01 -3.402273148394885371e-01 -2.632715535349037239e-01 7.838264135807526678e-02 2.265163417239873522e-01 -3.737412753529590348e-01 4.853789466992868701e-02 -4.351786940422949779e-02 1.216083699378987248e-01 -2.056890199927303292e-02
2.054613516188161515e-01 8.079624421529271738e-02 6.278280783917386532e-02 7.242606544626595255e-01 -6.255417620587178096e-02 -4.394123730994640986e-02 -2.130280332473502569e-01 -3.496228909818859809e-01 -1.203119405633980288e-01 1.159300382392779993e-01 2.355061898283969113e-01 -3.568932266583479951e-01 -9.557820711083368781e-02 -1.511806303993549344e-02 1.668978737407262047e-01 -3.649835543922332060e-02
3.753270497931369964e-02 -1.235303987729334946e-01 -4.749667434425163676e-02 6.386682915582480025e-01 4.563469627591500849e-02 1.164992513160800214e-01 -1.563562215085648466e-01 -2.667479169220859370e-01 -2.079943479830634323e-01 1.882215392291342881e-01 2.147706212229212042e-01 -4.660124936357086245e-01 -1.572904965975394087e-01 -2.674571197064096184e-01 1.461662795566507356e-01 4.796709917655660183e-02
5.685036318970567576e-02 3.198108965646412338e-01 6.665266137838539613e-03 7.276876369206658479e-01 1.373381112566930407e-01 9.157372168910331289e-02 -1.298464490687958883e-01 -1.269071199585743159e-01 -1.171115413604557343e-01 8.211890044184866344e-02 2.787583122563622728e-01 -3.664184109520992050e-01 -1.973653257417531670e-01 -7.103480548734744660e-02 1.290929528156431194e-01 -1.077543589634813170e-01
8.850174136998187335e-02 -1.104368914086710507e-01 -7.857301344013990774e-02 7.806468245090708580e-01 2.043694710131581660e-01 -3.070120855039028956e-02 -9.464689970188897017e-02 -1.333175945350091873e-01 -9.190859287364591679e-02 -1.281117491257783821e-03 1.759366356063337411e-01 -4.475838771475710298e-01 -1.901528479640275104e-01 -4.290247938273961809e-02 5.520269351424693383e-02 -1.190250686816176073e-01
-2.384490947553202095e-02 9.168713320049685922e-02 -5.104748078717643439e-02 7.181437533158020470e-01 -3.888884834220127790e-02 -3.140258934087526710e-02 -1.685190965269284802e-01 -4.013568895112644141e-01 -1.103511109565085968e-01 1.048394719928466001e-01 2.152600163910962094e-01 -3.842615440174662056e-01 -1.531031127743625597e-01 -1.040818937525878757e-01 1.614707518816172471e-01 -5.652602476075895693e-02
9.840752401061697574e-02 4.476015437618412196e-02 -2.550105229026044529e-01 7.579232365081177702e-01 -3.854932072724649716e-02 6.436455701419299680e-02 -2.063012746172597778e-01 -2.247138217470427413e-01 -1.363908357115365677e-01 1.534869357442212451e-02 3.205145528405455302e-01 -2.822465859091016216e-01 -1.191177180039046796e-01 -1.542018255688671624e-01 8.168301919036757841e-02 -6.541421077680600882e-02
-3.704045399972428348e-02 -2.977294012274619983e-02 4.568792132227471325e-02 8.847997199544141989e-01 4.270691217754062768e-02 -3.511165695075380011e-02 -2.221726184199326604e-01 -2.052748942949858824e-01 -2.947525026428098049e-02 7.416055738507719430e-02 3.056933422223381130e-02 -2.776191440560286106e-01 -6.235924009976756555e-02 -1.199640584244909963e-01 1.105033166717497434e-01 5.798273611063207295e-02
1.633043586093439192e-01 -8.177355367210022152e-02 -5.029792365949833921e-02 7.696012014962159142e-01 1.952685008487004270e-01 5.510732872798587006e-02 -1.654731617440567126e-01 -2.354819301360607520e-01 -3.268368276210292800e-02 -2.156847550222699625e-02 1.852591001541340487e-01 -2.687248730499596783e-01 -2.681111327321257787e-01 -1.851884548252591689e-01 1.808664753822061266e-01 2.950815270506788879e-02
1.882437813770324320e-01 -4.316643975414924395e-02 -3.267995926785497579e-02 6.766474031915421516e-01 1.555153598690900696e-01 -5.591786539772904130e-02 -2.425839251490116144e-01 -2.622546479809205744e-01 -1.097745507352015093e-01 6.812335045247971954e-02 3.056218137053966499e-01 -4.360232130990560062e-01 -1.592633713690323749e-01 -7.628644153868083255e-02 1.277773437114647914e-01 -3.348556234949144617e-02
5.920351092115269664e-02 8.871089923500737051e-02 1.370116911045201336e-01 7.557583408935182323e-01 -3.375534184877214405e-02 -9.402631625664939485e-02 -1.783328779916617812e-01 -2.157310275926427601e-01 -1.874312594931689391e-01 3.506339005540379944e-02 2.382425139715435569e-01 -3.436684627379177348e-01 4.052000102789857228e-02 -2.279568804664869330e-01 2.113054019235903747e-01 -2.959688517549294295e-02
2.712728105869351425e-01 -7.083651853784637964e-02 -5.949007550727533102e-03 7.040975581359599778e-01 -4.359910164652535530e-02 2.038371642871791845e-01 -3.472040351249853218e-01 -2.720680499644534955e-01 -6.733237820626734871e-02 6.370651797046612830e-02 1.021954450046311386e-01 -3.429510844378411138e-01 -8.113804427467562197e-02 -1.176420494901771335e-01 3.808170705670924083e-02 -1.704628271892338898e-01
1.094877785706819540e-01 -2.507792030892670374e-02 -1.821539359867691832e-01 7.771039171727680550e-01 1.781673278538727437e-02 -5.171804456367710967e-02 -1.242066387545595202e-01 -2.507509899334171011e-01 -4.525587058140425473e-02 7.909358082758596864e-02 1.561646077461788518e-01 -4.207223631540840669e-01 -8.518576034812543052e-02 -7.716230649851542507e-03 1.724869898640387922e-01 -1.491674697693865237e-01
2.396556097351424663e-01 -5.693222690498265343e-05 -3.167461914736026396e-02 7.369651297633250664e-01 1.515995426509820498e-01 6.326097108247041856e-02 -9.078840156238092429e-02 -1.867117236689255777e-01 -2.362707603894018127e-01 7.953119237597582047e-02 2.260125035918194303e-01 -4.101800307397704404e-01 3.303640990663535976e-02 1.359243004546403094e-02 1.638619359777980511e-01 -1.369337187048268178e-01
2.389032672380980160e-01 -3.761716629130659739e-02 2.495489688439948145e-02 6.739385736494208912e-01 1.987152381577112492e-01 -1.309412028432858366e-01 -1.707243462044527038e-01 -2.157197099757924563e-01 -2.330037596223043239e-01 1.073653243618316044e-01 2.344550659673341475e-01 -4.185092346808176877e-01 -2.176367753091253965e-01 -8.731511067744829324e-02 -3.085966100921553115e-02 -4.999854091323933242e-02
4.369777383691832856e-02 -2.165476525633850541e-02 4.125034082280223252e-02 6.589776721850205687e-01 1.420641578424446383e-01 6.273422042780080199e-02 -2.055479306707823084e-01 -2.409385748809892147e-01 -1.922772199648564995e-01 4.583090059222939925e-05 2.625284814807726241e-01 -4.308770086473786565e-01 -1.851303894239771930e-01 -1.923201106112356340e-01 2.667242006364903273e-01 -5.744945426851116865e-02
7.430685952562815499e-02 5.491672255460230273e-02 -8.398048696213764042e-02 6.575372263062352340e-01 -1.226008076383901073e-02 -1.118923850652312271e-02 -2.016089836234192523e-01 -2.171360192837268333e-01 -1.122143777228093303e-01 8.732011892421964738e-02 2.386685449497953637e-01 -5.355951178195688112e-01 -6.405588575735988999e-02 -2.369209374201638463e-01 1.685142864020196807e-01 1.063557714870387028e-01
-3.541042360059507704e-02 -5.791164726841185190e-02 -6.301968043356816207e-02 7.083330722761510545e-01 1.556158199079426541e-01 3.109925713083086171e-02 -1.745664992974657603e-01 -2.915781213878722022e-01 -9.934185387899290010e-02 6.685340002247362745e-02 2.298737618725886223e-01 -4.612614957501813828e-01 -8.444455620275855001e-02 -1.975512188627177035e-01 1.315482716966144272e-01 -7.487189754225950789e-02
1.555361080662772677e-01 3.788463040522849212e-02 -6.567281037002328792e-02 7.787582350528220454e-01 8.274367674207895595e-02 5.387589880908977627e-03 -2.703773317183978397e-01 -2.816712110314247841e-01 -1.030350150866765763e-01 3.512379077784966858e-02 1.885716510812495972e-01 -2.998616231192206549e-01 -4.048541647723267328e-02 -1.164328753957693530e-01 1.563827556812389385e-01 1.652284692997509907e-01
7.846706156959568079e-02 3.514447120806291069e-02 -5.313812119620450053e-02 7.606590299915179099e-01 2.760691792883021023e-01 -5.721009878806373322e-02 -1.293838550789369879e-01 -1.862890748203461511e-01 -1.200801204447203840e-01 1.564947710604585318e-01 8.460869778457509593e-02 -3.943374773236302255e-01 -2.393413572943421386e-01 -4.343563959265397956e-02 1.390568387353092183e-01 1.314180718341294470e-02
1.593836534956679929e-01 -8.755934715181859507e-02 -1.827959529804888683e-01 7.463538344545629366e-01 1.505503201756280829e-01 -1.182036413666441854e-01 -5.544642711303961191e-02 -2.295523976287024426e-01 1.667769148236147511e-02 7.942793977995661614e-02 2.076059069344518837e-01 -4.335028876691588429e-01 -1.815066695987263001e-01 -7.457286346787106446e-02 8.258728841837860435e-02 3.357593355777045013e-02
1.520896108610740316e-01 -8.192629408732143848e-02 8.528191104204067841e-02 7.193753935947285738e-01 1.789347993943428416e-01 -2.942137253788070297e-02 -3.341516911493623843e-01 -2.357572865222770653e-01 -9.797463063732395061e-02 1.621245624685854481e-01 1.045124567245197256e-01 -2.596028926707938944e-01 -1.684173281331838579e-01 -1.095586382288436383e-01 2.674646687697928016e-01 -1.384051398541847333e-01
-9.923429334997542831e-03 1.297356685724007086e-01 7.170351278392942534e-03 7.484549796259213350e-01 2.544815971020022299e-02 -1.342379950027771940e-01 -1.004845447007792769e-01 -2.512285273623612314e-01 2.291915132663716742e-02 -9.526353754366939652e-02 2.732189450743736092e-01 -4.224334822377237564e-01 -8.322372620401266574e-02 -5.769247979352587485e-02 1.743775796929085131e-01 -1.661093841212862576e-01
1.184228759050306862e-01 -1.201452432302718698e-01 -1.168588222747405508e-01 8.469300492963026672e-01 2.133281812288164436e-01 -3.265250059973220931e-02 -1.257388509708335378e-01 -8.945478030530213537e-03 -8.885104507281305075e-02 1.566668629633775900e-01 2.260453401416978592e-01 -2.594229331554142037e-01 -1.347526827131138305e-01 -9.319283641257510020e-02 -1.265531049091798109e-02 1.703396536036661663e-02
2.469309996524875206e-01 -1.192778876642041352e-01 1.244355024646571078e-01 7.289362400658229157e-01 2.198839055927108987e-01 9.923002987591285351e-02 -2.023476826976301768e-01 -2.040376860189856700e-01 -2.329681002320697358e-01 8.823185914066758451e-02 1.276965962786405506e-01 -3.510041309825088218e-01 -1.237438505957102752e-01 -1.190223993014257603e-01 7.436270690278463935e-02 2.482209012896220007e-02
1.663209004321942186e-01 3.129085723541848163e-02 -1.420321509438303431e-01 7.729478332718217048e-01 1.236347296301042592e-01 1.006232990370279079e-01 -1.407423388780746631e-01 -1.414740944807807155e-01 -8.449348968536374294e-02 -5.008844816917636805e-02 2.567757096874880851e-01 -2.462348513604462608e-01 -1.135389533552114555e-01 -3.358995629183895160e-01 1.572543785851562015e-01 -4.290589701362003405e-02
2.472285953519824386e-01 6.596744182499580944e-02 3.190466511390780552e-02 6.738623793903313342e-01 3.865191757672110928e-02 2.119655518015796727e-02 -5.726645550560151288e-02 -1.410814297923840832e-01 -1.038820531651374335e-01 4.049465922006880575e-02 2.864614419626411168e-01 -5.494494925060395829e-01 -9.537248703830639163e-02 -7.449704994886893750e-02 4.809156963553726238e-02 -2.023524179663810096e-01
1.486859158865505570e-01 -1.349958745967905216e-01 -7.540262063683352001e-02 6.877730112096807069e-01 1.557478984893093943e-01 -4.253969225631815121e-02 -2.232305912979136442e-01 -1.139410873826984250e-01 -6.249561869873600239e-02 3.768942080899789077e-02 3.421931175440154349e-01 -4.259180256936857534e-01 -2.329495706751888440e-01 -7.809697687174538272e-02 1.288568977598898713e-01 1.061725531759823010e-01
6.890385160876826010e-02 7.139449541435584357e-02 -8.627793083942758567e-02 7.780437438817151552e-01 2.126823194805761708e-01 8.689936499902987943e-02 -1.114821257657817727e-01 -1.763797308156339894e-01 2.198351268044418938e-01 -1.252827376350845456e-01 2.676297894163513491e-01 -1.619142036850837740e-01 -2.052085663957476103e-01 -1.981007264758184450e-01 1.926822010896228898e-01 2.626307324368407081e-02
5.442398568849872442e-02 -5.348618048427508653e-02 6.542549366458746962e-02 8.113749864838901704e-01 2.166339120900113990e-01 -5.371440981625934946e-02 -2.827888780407834535e-01 -1.305035227985007484e-02 -7.564896202524422353e-02 8.360574934382665468e-02 1.862072320707045814e-01 -2.077599358884542613e-01 -1.780728725415003100e-01 -2.524473034107673208e-01 1.144632132181176432e-01 5.020573980189146912e-02
1.685248941316297988e-01 -9.782855154763914207e-02 -2.015912790496901252e-01 7.859094046351188245e-01 2.739284711892493451e-01 -1.074827661906904708e-02 5.905832241707180408e-02 -2.319445366565065225e-01 -1.205303875208428716e-01 8.907609420740460193e-02 7.305458645506675286e-02 -3.120113437278925206e-01 -6.515769743825115812e-02 -7.552214768793096000e-02 1.463549784898897643e-01 1.215678247708323195e-01
1.243004874040062532e-02 8.088550398623553517e-02 -3.795042317913833313e-02 7.318584745381407908e-01 2.809153793016526748e-02 6.451771924968874306e-02 -7.171879699788429041e-02 -2.575425678524136952e-01 -1.503418661838180070e-01 6.015117547904179351e-02 2.051689870873179555e-01 -4.330387071127277387e-01 -2.934430438857063561e-01 -5.126238165158673865e-02 1.876947005006106561e-01 4.348439740136816369e-03
7.414503659329946261e-02 -8.349057422879399559e-02 -8.566235503498319248e-02 7.069613568890826816e-01 7.585864813784332084e-02 1.188494325872363061e-01 -1.147311428733908262e-01 -2.167082575019030899e-01 -7.286274676155646279e-02 3.772932241247862334e-02 2.687994925629252907e-01 -4.433892230902093390e-01 -3.190844089214204815e-01 -1.093990776145788713e-01 1.045713892945716733e-01 9.806455636904902462e-03
1.311005991112332569e-01 -9.284556742843994015e-02 1.359684246982108269e-01 7.781007927858163420e-01 1.428890662500473530e-01 -3.945901171918259759e-02 -8.262268951775016135e-02 -4.659751271952131818e-02 -1.117463388957335851e-01 -2.524107328367535680e-02 1.046993902764707940e-01 -4.917412097345297828e-01 -9.537049120182933271e-02 -1.485500816166337168e-01 1.451328835705834319e-01 -3.420518165169736391e-02
2.069846457103013612e-02 -6.108226876318571807e-02 -2.871234517446848503e-02 8.077606318315709855e-01 1.430468064352555246e-01 1.065775316840195247e-01 4.393293891692381936e-02 -1.436504402026962113e-01 -1.151049238472038327e-01 2.591509447843592384e-01 1.199400639704943372e-01 -3.704350822161099899e-01 -8.760401826622493671e-02 1.219635294051261282e-01 1.828729530547460180e-01 -1.199889506539996917e-02
5.218039578195942524e-02 1.152740300766796205e-01 5.575056243142872958e-02 8.148666690094591436e-01 1.672933745582129428e-01 5.600479949135551971e-02 -2.845127583690791884e-01 -2.012088097841431000e-01 -1.678890534205038088e-01 7.111947836402364442e-02 1.989066610078230046e-01 -2.765517250325444376e-01 -5.158896893618914598e-02 -9.565442357592601752e-02 5.668449473525324217e-02 1.852561296826202904e-03
4.845133528048194832e-02 7.455713534500527095e-02 9.096346644821895477e-03 7.067883125011744649e-01 7.376277769179494237e-02 1.608046262450650854e-01 -1.692270462728165392e-01 -2.287766136468271649e-01 7.043935932271798428e-02 8.572871847639566834e-02 3.108477419679067100e-01 -4.514855020046949496e-01 -1.400184967993184093e-01 -9.227774680051444023e-02 1.833087904447303351e-01 7.540930815476101778e-02
1.944317213625761376e-01 1.044412608195167957e-01 -4.146752508003857807e-02 6.970293780103679060e-01 1.459844226696573044e-01 -1.511354939889160143e-01 -2.504911464760893880e-01 -2.214779137245191654e-01 -1.003273458730681161e-01 4.213790152397511174e-02 9.693975827446671412e-02 -4.488547076055901530e-01 -1.123350752704966315e-01 -1.678833818956338153e-01 2.070997999197355111e-01 3.692937660135972577e-02
2.285564512307536877e-01 2.194144923411802620e-03 3.819568559102737293e-02 6.530892180818562709e-01 -5.447877750425163951e-02 1.232106640197305480e-01 -2.629015289640321829e-01 -3.352778325731070042e-01 -1.958182649934362418e-01 1.741865100711272041e-01 1.131700639908054251e-01 -4.147296404833092365e-01 -1.748882279781815707e-01 -7.329260332437427528e-02 1.748669526276418473e-01 -8.089060492205460765e-03
1.710404211109874395e-01 -1.610723443105383512e-01 -2.988498919999362652e-02 7.637683927289986574e-01 1.238013933730701260e-01 2.758367252741962192e-02 -1.121455595446970432e-01 -3.107751797204652000e-01 -2.140574747076435802e-01 8.391690297200352089e-02 8.740849908774100951e-02 -3.066997745834393885e-01 -5.751477989877430003e-02 -1.980161611085449469e-01 1.913469184272288404e-01 4.025520342230246018e-02
1.487397225438878423e-01 6.790949359225589843e-02 -4.594383025256956049e-02 6.678996204658638192e-01 2.638780442443777741e-01 -7.526302309059136608e-02 -2.564360893714211498e-01 -1.408371012967146729e-01 -1.826983436302203057e-01 1.906052495134547831e-01 2.864683386742533089e-01 -3.118422445685467559e-01 -1.061379923695432298e-01 -7.166791325034310711e-02 2.395097001657173486e-01 2.034407898950730542e-01
4.614365729922783460e-02 5.222139753507505297e-03 2.068776550968651554e-02 7.037533213878890415e-01 2.008749649116378377e-01 -4.089650650622828065e-02 -8.351595487408380869e-02 -1.769144080780077899e-01 -1.263774865979783446e-01 7.351313147730810516e-02 1.243456039476247971e-01 -4.931457216540644506e-01 -1.541509861215283606e-01 -2.458599544674010540e-01 1.371746445490728550e-01 1.969603117357482669e-01
2.212195757437793453e-01 5.174915771620695187e-02 3.450363380413703704e-03 6.491035094049620868e-01 6.039648121815294202e-02 2.122111171660180096e-01 -1.586312396672523994e-01 -2.022369573007031518e-01 -1.682492584715016004e-02 2.148706024260849112e-01 2.707784320399909683e-01 -4.736875103898252615e-01 -1.182749087860018866e-01 -1.632696034297672349e-01 9.111298640399057014e-02 1.385313623232989066e-01
9.193839003815067190e-02 -4.685430277049370401e-02 7.017196715653546690e-03 7.825239378365411724e-01 -2.495050632890862333e-02 -6.100687922388137174e-02 -2.084439252443218704e-01 -2.012094668085101234e-01 -1.023646945732026303e-01 -1.176420809159121027e-02 3.575109785334975587e-01 -3.281910929994371062e-01 -1.302808998596387824e-01 5.351701409819861754e-02 1.474800454066076683e-01 -3.086418290200951611e-02
2.152249720094397412e-01 6.700032775482379910e-02 -1.492127917738430842e-01 7.293055396301657556e-01 1.253566920435912058e-01 1.644635768806454734e-01 -3.497734151544296122e-01 -3.530881209949594535e-01 3.244956678653490578e-02 -1.779290563055601487e-03 1.710324954442760670e-01 -2.607352327759723809e-01 -3.544584532725927190e-02 -2.295066199303751053e-02 6.650159811056136072e-02 -2.768011717350415263e-02
1.620703178951182419e-02 -1.413259913225095631e-03 -5.157128616911306473e-02 7.272495589516108083e-01 4.481971686643446834e-02 -5.336130202494677316e-02 -2.010939676286739586e-01 -2.538309469337091118e-01 -1.829097344276944259e-01 3.223528976276797409e-02 2.323773242360181734e-01 -3.325735731206689860e-01 -2.565329872218923835e-01 -2.183497687081131233e-01 2.141803243677239399e-01 -3.920036661747248476e-04
1.995728068607570405e-02 6.296741378759063146e-02 2.488698682046221189e-02 6.542037310225784497e-01 2.468630819462708514e-01 2.265815946794602284e-02 -1.651627508730883764e-01 -2.581925193270138141e-01 -6.987212155162036975e-02 2.046464956893230824e-01 2.960864519424303842e-01 -4.440001372077220232e-01 -3.326548396918947020e-02 6.725856627693066470e-02 2.685363920994526254e-01 -4.827350976749050088e-02
2.009571614983282073e-01 -1.245374540816257952e-01 -5.708371721703180829e-02 6.395302758486695049e-01 1.800816770609091344e-01 -1.035280158672350348e-01 -1.366524151754405780e-01 -1.733193714028833932e-01 -1.088146089131566824e-01 -7.702340585943863449e-02 2.225084810909740696e-01 -5.039603988739991269e-01 -1.601265314487470837e-01 -2.204152907215710666e-01 1.844156234620641932e-01 1.024514964625596880e-01
1.703440479439190247e-01 7.036019345706351347e-02 -6.694820063003614763e-02 7.522224938589036070e-01 6.692499985908768878e-02 1.328144023918909344e-01 -6.863893340622463646e-02 -6.830136037623807388e-02 -3.914542227740763075e-02 -4.446460709340929740e-02 1.463222088034156765e-01 -5.251873781670713948e-01 -1.241920433184855177e-01 -1.533057358796089398e-01 1.319297686135995629e-01 -8.451860213353135087e-02
2.069424312358218443e-01 -9.159045781593178059e-02 -1.088822320538894856e-01 6.431146887992552630e-01 1.488994781762579267e-01 4.343533540863024622e-02 -3.112514409582034514e-01 -2.188447465080060050e-01 -4.759881730117727222e-02 1.671971770854264738e-01 3.279436234341014389e-01 -3.613305025873794207e-01 -1.920013825395607832e-01 -1.010825837727646614e-01 1.574958409914219148e-01 1.195472876945495033e-01
2.045945350606782065e-01 -8.404115170516989614e-03 -2.194827516042359150e-01 7.007891380435127271e-01 1.334874863338470635e-02 -4.812137338243210188e-02 -1.594804319054497488e-01 -3.372582608937646498e-01 -1.865603990543405200e-01 9.317042480115213243e-02 2.043481282043615177e-01 -4.035224617737319663e-01 -1.630917473433301235e-01 -1.327071084675085326e-02 3.459854140216522128e-02 3.279055286676794273e-02
-3.133993522996835618e-02 -1.121392630063106424e-02 -6.610777458467073653e-02 7.729585587861302898e-01 9.977594650446167113e-02 1.278122553873704548e-01 -2.750412629883638438e-01 -2.829036080833481348e-01 -2.521711357888360427e-01 4.861872722674761421e-02 1.388749865511891002e-01 -2.570323419110154273e-01 -1.709003296424637663e-01 -8.916325083028900367e-02 1.362240361478437023e-01 -8.979743804578206590e-02
